timestamp,open,high,low,close,adjusted_close,volume,dividend_amount,split_coefficient
2019-07-26,130.0,132.85,126.11,130.55,130.55,1311623,0.0,1.0
2019-07-25,128.44,128.505,126.02,127.0,127.0,731471,0.0,1.0
2019-07-24,125.36,127.93,125.36,127.19,127.19,591181,0.0,1.0
2019-07-23,126.8,127.07,124.63,125.1,125.1,391540,0.0,1.0
2019-07-22,124.75,126.7,124.425,125.76,125.76,351605,0.0,1.0
2019-07-19,126.02,126.05,123.26,123.62,123.62,512373,0.0,1.0
2019-07-18,125.04,125.31,123.34,125.11,125.11,470728,0.0,1.0
2019-07-17,126.75,127.03,124.86,125.14,125.14,478797,0.0,1.0
2019-07-16,126.0,127.78,124.78,126.2,126.2,439470,0.0,1.0
2019-07-15,125.5,126.39,124.19,125.7,125.7,239622,0.0,1.0
2019-07-12,123.99,125.42,122.42,125.22,125.22,332614,0.0,1.0
2019-07-11,125.16,125.2819,122.465,123.89,123.89,633406,0.0,1.0
2019-07-10,125.5,127.4,124.135,124.39,124.39,418886,0.0,1.0
2019-07-09,122.47,125.455,122.43,124.95,124.95,1076281,0.0,1.0
2019-07-08,123.18,124.52,122.16,122.48,122.48,495428,0.0,1.0
2019-07-05,124.35,125.51,122.57,124.56,124.56,310842,0.0,1.0
2019-07-03,123.05,126.76,122.92,125.29,125.29,1090619,0.0,1.0
2019-07-02,121.13,123.165,121.115,122.72,122.72,444702,0.0,1.0
2019-07-01,122.52,124.12,120.305,121.85,121.85,672930,0.0,1.0
2019-06-28,117.22,120.29,116.58,120.25,120.25,1316828,0.0,1.0
2019-06-27,115.25,117.58,114.6,116.81,116.81,462078,0.0,1.0
2019-06-26,111.99,116.53,111.535,114.96,114.96,692469,0.0,1.0
2019-06-25,111.92,112.69,110.085,111.22,111.22,362211,0.0,1.0
2019-06-24,113.59,114.74,111.15,111.57,111.57,276170,0.0,1.0
2019-06-21,115.24,116.55,112.51,113.04,113.04,749071,0.0,1.0
2019-06-20,115.59,116.24,114.133,115.33,115.33,422103,0.0,1.0
2019-06-19,111.7,114.2,111.7,114.07,114.07,370928,0.0,1.0
2019-06-18,109.82,111.69,109.82,111.63,111.63,486680,0.0,1.0
2019-06-17,107.05,109.12,106.51,108.24,108.24,194062,0.0,1.0
2019-06-14,109.19,110.0,107.0806,107.18,107.18,233968,0.0,1.0
2019-06-13,110.18,110.39,108.6,109.35,109.35,250505,0.0,1.0
2019-06-12,110.18,110.49,108.68,109.85,109.85,470447,0.0,1.0
2019-06-11,112.02,113.12,107.62,109.23,109.23,629103,0.0,1.0
2019-06-10,109.16,111.77,109.16,111.06,111.06,416477,0.0,1.0
2019-06-07,108.68,109.22,107.03,108.29,108.29,472486,0.0,1.0
2019-06-06,109.02,109.215,106.35,108.42,108.42,467965,0.0,1.0
2019-06-05,110.64,112.315,106.88,108.79,108.79,429033,0.0,1.0
2019-06-04,104.12,110.24,102.52,109.99,109.99,1151854,0.0,1.0
2019-06-03,112.2,112.885,102.25,102.9,102.9,1236265,0.0,1.0
2019-05-31,112.77,113.98,111.94,112.36,112.36,416337,0.0,1.0
2019-05-30,113.94,115.03,113.94,114.73,114.73,210462,0.0,1.0
2019-05-29,114.89,115.92,113.18,113.9,113.9,314943,0.0,1.0
2019-05-28,116.14,117.9,115.76,115.83,115.83,303455,0.0,1.0
2019-05-24,114.98,116.49,113.74,115.87,115.87,555033,0.0,1.0
2019-05-23,117.15,117.16,113.77,114.12,114.12,338390,0.0,1.0
2019-05-22,117.88,118.9,117.28,117.34,117.34,280617,0.0,1.0
2019-05-21,118.55,119.45,117.92,118.32,118.32,512813,0.0,1.0
2019-05-20,117.99,118.77,116.49,117.0,117.0,440358,0.0,1.0
2019-05-17,120.01,121.68,118.77,119.97,119.97,312830,0.0,1.0
2019-05-16,119.46,121.84,119.1768,121.54,121.54,273555,0.0,1.0
2019-05-15,118.27,119.815,116.98,119.61,119.61,254560,0.0,1.0
2019-05-14,117.02,119.59,117.02,119.03,119.03,290812,0.0,1.0
2019-05-13,118.43,119.85,115.64,116.08,116.08,330775,0.0,1.0
2019-05-10,119.95,122.23,118.65,121.5,121.5,517237,0.0,1.0
2019-05-09,118.67,121.52,117.84,120.82,120.82,353551,0.0,1.0
2019-05-08,118.78,120.875,117.76,120.15,120.15,299473,0.0,1.0
2019-05-07,121.85,123.23,117.4,118.85,118.85,543226,0.0,1.0
2019-05-06,122.36,124.2,121.15,123.85,123.85,362467,0.0,1.0
2019-05-03,123.19,125.13,122.4,124.58,124.58,396098,0.0,1.0
2019-05-02,123.01,124.275,121.67,122.69,122.69,348382,0.0,1.0
2019-05-01,126.14,126.52,123.26,123.33,123.33,371507,0.0,1.0
2019-04-30,127.35,127.96,124.755,125.42,125.42,554760,0.0,1.0
2019-04-29,124.38,128.6477,124.38,127.64,127.64,712596,0.0,1.0
2019-04-26,128.51,129.38,119.45,124.55,124.55,1659336,0.0,1.0
2019-04-25,128.58,131.43,127.595,131.32,131.32,1239732,0.0,1.0
2019-04-24,127.01,128.81,125.61,127.65,127.65,864966,0.0,1.0
2019-04-23,124.03,126.923,123.7,126.19,126.19,580170,0.0,1.0
2019-04-22,121.79,124.255,121.5001,123.98,123.98,541147,0.0,1.0
2019-04-18,122.16,122.16,116.99,121.38,121.38,766685,0.0,1.0
2019-04-17,124.71,124.985,121.6748,122.93,122.93,542768,0.0,1.0
2019-04-16,123.71,126.7,122.965,123.81,123.81,851332,0.0,1.0
2019-04-15,122.98,123.19,121.94,122.9,122.9,389808,0.0,1.0
2019-04-12,122.0,123.34,120.92,122.55,122.55,508630,0.0,1.0
2019-04-11,120.92,121.57,119.86,119.94,119.94,333734,0.0,1.0
2019-04-10,119.93,121.77,119.54,120.84,120.84,431549,0.0,1.0
2019-04-09,120.0,120.61,119.11,119.99,119.99,340390,0.0,1.0
2019-04-08,119.35,120.7,118.0432,120.18,120.18,771424,0.0,1.0
2019-04-05,118.16,120.42,117.89,119.13,119.13,589938,0.0,1.0
2019-04-04,123.56,123.56,115.09,117.59,117.59,801790,0.0,1.0
2019-04-03,123.1,124.62,122.04,123.2,123.2,646738,0.0,1.0
2019-04-02,122.0,122.32,120.93,122.0,122.0,371499,0.0,1.0
2019-04-01,122.0,123.54,120.55,121.91,121.91,419341,0.0,1.0
2019-03-29,120.26,121.51,118.0001,121.43,121.43,370182,0.0,1.0
2019-03-28,119.01,119.93,117.53,119.01,119.01,263126,0.0,1.0
2019-03-27,120.9,121.73,117.13,118.5,118.5,614717,0.0,1.0
2019-03-26,121.22,122.02,120.05,120.83,120.83,426426,0.0,1.0
2019-03-25,119.1,120.94,117.75,120.31,120.31,498465,0.0,1.0
2019-03-22,124.69,124.87,119.56,119.9,119.9,441547,0.0,1.0
2019-03-21,122.99,125.44,122.99,124.98,124.98,313526,0.0,1.0
2019-03-20,124.02,124.72,122.8,123.45,123.45,323131,0.0,1.0
2019-03-19,125.16,125.59,123.51,124.0,124.0,633728,0.0,1.0
2019-03-18,123.57,125.68,123.33,124.09,124.09,546344,0.0,1.0
2019-03-15,122.35,124.57,122.26,123.56,123.56,1019170,0.0,1.0
2019-03-14,121.13,122.93,120.73,122.01,122.01,561517,0.0,1.0
2019-03-13,119.94,122.24,119.51,121.32,121.32,685709,0.0,1.0
2019-03-12,117.68,119.84,117.345,119.04,119.04,737449,0.0,1.0
2019-03-11,114.87,118.37,113.7,116.93,116.93,726504,0.0,1.0
2019-03-08,112.24,114.43,110.81,114.34,114.34,732248,0.0,1.0
2019-03-07,111.01,113.57,110.2,113.47,113.47,757602,0.0,1.0
2019-03-06,113.31,113.87,110.87,111.45,111.45,423570,0.0,1.0
2019-03-05,114.4,115.29,113.65,113.74,113.74,425340,0.0,1.0
2019-03-04,118.49,118.5,112.8,114.84,114.84,639836,0.0,1.0
2019-03-01,118.85,119.72,117.63,118.15,118.15,416784,0.0,1.0
2019-02-28,118.97,119.19,117.65,118.09,118.09,399889,0.0,1.0
2019-02-27,118.33,119.58,117.915,119.35,119.35,477776,0.0,1.0
2019-02-26,119.71,120.54,118.31,118.33,118.33,470024,0.0,1.0
2019-02-25,120.77,121.43,119.77,119.77,119.77,355318,0.0,1.0
2019-02-22,119.22,120.51,119.22,119.8,119.8,289330,0.0,1.0
2019-02-21,118.58,120.15,118.56,119.12,119.12,355437,0.0,1.0
2019-02-20,120.99,121.72,119.29,119.43,119.43,474501,0.0,1.0
2019-02-19,121.0,121.13,120.34,120.75,120.75,776608,0.0,1.0
2019-02-15,120.85,121.38,119.92,121.15,121.15,424374,0.0,1.0
2019-02-14,118.44,121.22,118.0864,120.83,120.83,555118,0.0,1.0
2019-02-13,117.56,119.13,117.03,118.94,118.94,757737,0.0,1.0
2019-02-12,116.65,117.82,116.11,117.52,117.52,754679,0.0,1.0
2019-02-11,116.6,117.89,115.46,116.12,116.12,450225,0.0,1.0
2019-02-08,114.1,116.84,113.3712,116.09,116.09,545905,0.0,1.0
2019-02-07,115.31,115.31,113.33,114.72,114.72,549446,0.0,1.0
2019-02-06,116.37,117.15,114.44,115.88,115.88,705647,0.0,1.0
2019-02-05,117.21,118.54,116.36,116.94,116.94,802077,0.0,1.0
2019-02-04,114.51,118.0,114.12,117.19,117.19,1131024,0.0,1.0
2019-02-01,109.38,117.3,109.0,114.51,114.51,2686681,0.0,1.0
2019-01-31,100.0,102.05,100.0,101.87,101.87,1416991,0.0,1.0
2019-01-30,98.71,99.91,97.66,99.57,99.57,503136,0.0,1.0
2019-01-29,98.48,98.97,96.99,98.28,98.28,766066,0.0,1.0
2019-01-28,96.29,98.45,95.72,97.99,97.99,656544,0.0,1.0
2019-01-25,96.55,98.26,95.95,97.63,97.63,740552,0.0,1.0
2019-01-24,93.94,95.95,93.33,95.61,95.61,573214,0.0,1.0
2019-01-23,93.81,95.23,92.32,93.5,93.5,570910,0.0,1.0
2019-01-22,93.14,94.0,91.95,93.52,93.52,366478,0.0,1.0
2019-01-18,93.33,94.325,92.0301,93.77,93.77,714227,0.0,1.0
2019-01-17,92.1,93.395,91.87,92.62,92.62,563688,0.0,1.0
2019-01-16,92.48,93.5899,91.445,92.1,92.1,381665,0.0,1.0
2019-01-15,92.43,93.8,91.71,92.62,92.62,677126,0.0,1.0
2019-01-14,90.34,91.85,89.01,91.61,91.61,750363,0.0,1.0
2019-01-11,89.45,92.69,89.0,91.63,91.63,723474,0.0,1.0
2019-01-10,89.58,91.22,89.4,90.03,90.03,353242,0.0,1.0
2019-01-09,89.2,91.18,88.815,90.32,90.32,290650,0.0,1.0
2019-01-08,89.2,90.19,86.93,89.18,89.18,523923,0.0,1.0
2019-01-07,86.77,89.02,86.77,88.37,88.37,567420,0.0,1.0
2019-01-04,83.0,86.88,82.93,86.36,86.36,923809,0.0,1.0
2019-01-03,81.99,83.38,81.07,81.81,81.81,480974,0.0,1.0
2019-01-02,82.6,84.52,81.99,82.98,82.98,610158,0.0,1.0
2018-12-31,85.99,86.97,83.2,83.81,83.81,769145,0.0,1.0
2018-12-28,85.7,86.4,83.72,85.13,85.13,294383,0.0,1.0
2018-12-27,82.54,85.13,82.54,85.12,85.12,495538,0.0,1.0
2018-12-26,81.05,83.72,80.37,83.69,83.69,618633,0.0,1.0
2018-12-24,79.03,82.0,78.75,80.5,80.5,342537,0.0,1.0
2018-12-21,84.5,84.5,78.69,79.87,79.87,825844,0.0,1.0
2018-12-20,86.5,87.19,82.2,83.54,83.54,730181,0.0,1.0
2018-12-19,86.2,89.11,85.405,86.72,86.72,574650,0.0,1.0
2018-12-18,85.14,87.25,84.88,85.6,85.6,604603,0.0,1.0
2018-12-17,88.75,88.75,84.2,84.75,84.75,1183851,0.0,1.0
2018-12-14,90.46,91.01,88.66,89.06,89.06,646592,0.0,1.0
2018-12-13,95.0,95.48,91.29,91.6,91.6,752745,0.0,1.0
2018-12-12,92.72,95.06,90.3945,94.33,94.33,644225,0.0,1.0
2018-12-11,94.81,94.81,90.65,90.96,90.96,498128,0.0,1.0
2018-12-10,91.17,94.15,90.21,92.46,92.46,459203,0.0,1.0
2018-12-07,94.05,95.07,89.885,91.28,91.28,554744,0.0,1.0
2018-12-06,90.49,94.685,89.02,94.59,94.59,763319,0.0,1.0
2018-12-04,95.02,95.87,92.34,92.57,92.57,404926,0.0,1.0
2018-12-03,98.0,98.84,95.485,95.69,95.69,797636,0.0,1.0
2018-11-30,95.13,97.3,94.72,97.01,97.01,688194,0.0,1.0
2018-11-29,92.55,95.86,92.3,94.78,94.78,675833,0.0,1.0
2018-11-28,90.0,93.58,89.86,93.27,93.27,589270,0.0,1.0
2018-11-27,89.44,89.91,87.055,89.62,89.62,524641,0.0,1.0
2018-11-26,88.49,90.665,88.3,90.27,90.27,481441,0.0,1.0
2018-11-23,85.26,88.52,85.0403,87.66,87.66,302547,0.0,1.0
2018-11-21,86.63,87.86,85.31,86.39,86.39,560348,0.0,1.0
2018-11-20,82.72,86.65,81.2266,84.29,84.29,836375,0.0,1.0
2018-11-19,89.87,90.66,85.2,85.54,85.54,721709,0.0,1.0
2018-11-16,88.72,90.81,87.7365,90.0,90.0,677620,0.0,1.0
2018-11-15,88.93,90.19,88.03,90.18,90.18,612072,0.0,1.0
2018-11-14,90.68,91.9602,88.93,89.11,89.11,375637,0.0,1.0
2018-11-13,89.43,91.8,88.55,90.05,90.05,654829,0.0,1.0
2018-11-12,88.92,89.835,86.16,89.1,89.1,852273,0.0,1.0
2018-11-09,91.83,91.83,87.73,89.28,89.28,810217,0.0,1.0
2018-11-08,93.03,93.73,91.72,92.79,92.79,403014,0.0,1.0
2018-11-07,92.61,94.46,92.14,93.2,93.2,611978,0.0,1.0
2018-11-06,91.06,92.45,89.28,91.19,91.19,651469,0.0,1.0
2018-11-05,91.8,91.8,89.61,91.19,91.19,634917,0.0,1.0
2018-11-02,93.15,93.99,91.2992,91.73,91.73,556174,0.0,1.0
2018-11-01,91.5,94.225,89.8938,93.51,93.51,845248,0.0,1.0
2018-10-31,90.86,92.97,88.78,90.95,90.95,1184664,0.0,1.0
2018-10-30,89.62,89.67,85.63,89.55,89.55,1757443,0.0,1.0
2018-10-29,87.67,91.22,87.495,89.78,89.78,3120695,0.0,1.0
2018-10-26,78.97,85.0,75.92,83.545,83.545,7406065,0.0,1.0
2018-10-25,97.97,100.585,97.34,98.98,98.98,1131280,0.0,1.0
2018-10-24,102.24,103.065,97.34,97.45,97.45,619022,0.0,1.0
2018-10-23,101.06,103.13,100.03,102.59,102.59,483959,0.0,1.0
2018-10-22,101.91,103.7,100.69,103.13,103.13,514621,0.0,1.0
2018-10-19,104.18,105.3706,100.48,101.08,101.08,539947,0.0,1.0
2018-10-18,107.4,109.01,103.0,103.97,103.97,726460,0.0,1.0
2018-10-17,105.26,107.64,104.69,107.17,107.17,1125986,0.0,1.0
2018-10-16,101.59,106.95,101.59,105.81,105.81,1064824,0.0,1.0
2018-10-15,100.91,102.48,99.04,100.95,100.95,719578,0.0,1.0
2018-10-12,98.39,101.38,98.39,101.06,101.06,1458414,0.0,1.0
2018-10-11,93.65,98.24,93.5,96.46,96.46,1725643,0.0,1.0
2018-10-10,95.46,96.275,93.75,94.33,94.33,1140854,0.0,1.0
2018-10-09,94.55,95.965,93.58,95.29,95.29,858771,0.0,1.0
2018-10-08,98.85,99.155,93.67,95.11,95.11,1154284,0.0,1.0
2018-10-05,98.89,102.1,97.425,99.67,99.67,2065523,0.0,1.0
2018-10-04,101.89,101.89,97.24,98.98,98.98,1253627,0.0,1.0
2018-10-03,101.74,104.4,101.64,101.9,101.9,1450356,0.0,1.0
2018-10-02,102.14,103.13,100.55,100.68,100.68,1375466,0.0,1.0
2018-10-01,104.45,105.72,101.15,101.85,101.85,1461397,0.0,1.0
2018-09-28,104.16,106.93,104.16,106.33,106.33,859141,0.0,1.0
2018-09-27,106.21,106.34,104.14,104.58,104.58,878302,0.0,1.0
2018-09-26,107.32,107.77,105.44,105.67,105.67,670869,0.0,1.0
2018-09-25,104.44,107.43,103.89,106.97,106.97,885877,0.0,1.0
2018-09-24,103.86,105.04,102.2001,104.05,104.05,733979,0.0,1.0
2018-09-21,106.33,107.2121,104.39,104.73,104.73,1095472,0.0,1.0
2018-09-20,104.56,106.12,103.26,105.46,105.46,1090308,0.0,1.0
2018-09-19,103.55,104.07,101.89,103.63,103.63,1096271,0.0,1.0
2018-09-18,104.77,106.3331,101.975,103.74,103.74,2595910,0.0,1.0
2018-09-17,111.19,111.81,105.03,105.14,105.14,1737960,0.0,1.0
2018-09-14,114.6,115.6,111.035,111.32,111.32,919843,0.0,1.0
2018-09-13,114.8,116.08,113.86,114.27,114.27,1128753,0.0,1.0
2018-09-12,115.01,116.25,112.79,114.3,114.3,1171350,0.0,1.0
2018-09-11,116.58,117.8,115.53,115.62,115.62,695442,0.0,1.0
2018-09-10,117.1,117.159,115.54,116.7,116.7,429577,0.0,1.0
2018-09-07,116.64,119.11,115.37,116.89,116.89,831566,0.0,1.0
2018-09-06,115.74,117.52,115.08,117.02,117.02,590076,0.0,1.0
2018-09-05,120.08,120.12,114.5,115.87,115.87,837132,0.0,1.0
2018-09-04,117.93,120.48,116.18,120.14,120.14,562886,0.0,1.0
2018-08-31,118.61,119.84,118.28,118.65,118.65,683882,0.0,1.0
2018-08-30,119.4,119.82,117.89,118.49,118.49,434898,0.0,1.0
2018-08-29,118.25,120.18,117.861,119.91,119.91,688867,0.0,1.0
2018-08-28,118.19,118.33,115.585,118.23,118.23,950610,0.0,1.0
2018-08-27,120.01,120.85,117.37,117.49,117.49,1277432,0.0,1.0
2018-08-24,115.65,119.98,115.13,119.8,119.8,1403888,0.0,1.0
2018-08-23,114.66,116.1,114.08,115.09,115.09,740378,0.0,1.0
2018-08-22,113.5,115.055,111.765,114.48,114.48,2007485,0.0,1.0
2018-08-21,114.07,115.14,113.45,113.72,113.72,673545,0.0,1.0
2018-08-20,115.14,115.42,113.12,113.71,113.71,963322,0.0,1.0
2018-08-17,114.91,115.02,113.28,114.88,114.88,869003,0.0,1.0
2018-08-16,116.1,116.33,114.89,115.12,115.12,378514,0.0,1.0
2018-08-15,115.93,117.68,114.32,115.06,115.06,937106,0.0,1.0
2018-08-14,116.62,117.04,114.72,116.97,116.97,653125,0.0,1.0
2018-08-13,117.49,118.4,115.55,116.53,116.53,872803,0.0,1.0
2018-08-10,116.86,118.74,116.56,117.16,117.16,532870,0.0,1.0
2018-08-09,118.06,119.75,117.87,118.01,118.01,567063,0.0,1.0
2018-08-08,118.36,118.39,115.97,117.79,117.79,987684,0.0,1.0
2018-08-07,118.29,119.34,117.4,118.28,118.28,519771,0.0,1.0
2018-08-06,115.59,118.53,115.09,117.73,117.73,591216,0.0,1.0
2018-08-03,116.68,116.87,114.09,115.58,115.58,575571,0.0,1.0
2018-08-02,111.65,116.2599,111.43,116.09,116.09,700000,0.0,1.0
2018-08-01,114.6,115.18,112.25,112.69,112.69,785747,0.0,1.0
2018-07-31,114.42,116.18,112.05,114.05,114.05,1611117,0.0,1.0
2018-07-30,115.6,115.8,110.87,113.34,113.34,1632834,0.0,1.0
2018-07-27,124.32,125.67,113.76,116.21,116.21,3427453,0.0,1.0
2018-07-26,123.16,125.6,121.46,125.23,125.23,924294,0.0,1.0
2018-07-25,121.47,123.97,121.27,123.6,123.6,557108,0.0,1.0
2018-07-24,126.54,126.6,120.26,121.94,121.94,741480,0.0,1.0
2018-07-23,124.98,126.29,123.15,125.56,125.56,1009410,0.0,1.0
2018-07-20,127.7,128.45,125.56,125.68,125.68,909488,0.0,1.0
2018-07-19,127.72,129.0,127.0,127.69,127.69,744278,0.0,1.0
2018-07-18,127.76,128.34,126.06,127.7,127.7,749106,0.0,1.0
2018-07-17,124.35,127.66,124.06,127.28,127.28,589674,0.0,1.0
2018-07-16,126.53,127.7,125.07,125.22,125.22,559413,0.0,1.0
2018-07-13,125.74,126.53,124.15,126.09,126.09,470545,0.0,1.0
2018-07-12,123.04,126.89,122.86,126.27,126.27,660946,0.0,1.0
2018-07-11,117.98,122.34,117.98,122.02,122.02,547528,0.0,1.0
2018-07-10,118.94,120.24,116.49,118.46,118.46,619619,0.0,1.0
2018-07-09,120.13,120.93,118.64,119.65,119.65,691128,0.0,1.0
2018-07-06,116.28,119.72,115.68,119.16,119.16,393687,0.0,1.0
2018-07-05,117.0,117.9757,115.88,116.66,116.66,534816,0.0,1.0
2018-07-03,117.52,117.71,116.05,116.42,116.42,345449,0.0,1.0
2018-07-02,114.77,116.99,113.51,116.74,116.74,577476,0.0,1.0
2018-06-29,115.6,116.31,114.84,115.31,115.31,1343842,0.0,1.0
2018-06-28,114.92,116.77,113.86,115.86,115.86,688670,0.0,1.0
2018-06-27,116.77,117.3525,115.0,115.04,115.04,782103,0.0,1.0
2018-06-26,117.83,118.69,115.5011,116.19,116.19,1026355,0.0,1.0
2018-06-25,119.18,119.18,115.29,117.57,117.57,1183924,0.0,1.0
2018-06-22,122.73,122.73,118.29,119.67,119.67,5386304,0.0,1.0
2018-06-21,125.14,125.74,121.96,122.73,122.73,613086,0.0,1.0
2018-06-20,124.56,126.08,124.5,124.71,124.71,602299,0.0,1.0
2018-06-19,124.37,125.15,121.75,123.79,123.79,607564,0.0,1.0
2018-06-18,124.83,125.97,124.14,125.76,125.76,459805,0.0,1.0
2018-06-15,125.86,127.92,124.86,126.09,126.09,1156190,0.0,1.0
2018-06-14,125.35,128.295,125.13,126.52,126.52,567503,0.0,1.0
2018-06-13,126.31,127.44,124.26,125.13,125.13,448915,0.0,1.0
2018-06-12,121.85,125.93,121.85,125.63,125.63,595628,0.0,1.0
2018-06-11,121.05,121.82,120.28,121.45,121.45,374992,0.0,1.0
2018-06-08,120.48,121.79,120.04,120.81,120.81,439316,0.0,1.0
2018-06-07,124.7,124.92,119.0,121.07,121.07,694167,0.0,1.0
2018-06-06,122.54,124.42,121.34,124.39,124.39,519616,0.0,1.0
2018-06-05,121.0,122.79,120.75,122.05,122.05,294683,0.0,1.0
2018-06-04,120.4,121.67,119.09,121.17,121.17,910926,0.0,1.0
2018-06-01,117.77,120.63,115.92,120.57,120.57,727305,0.0,1.0
2018-05-31,118.51,119.939,116.38,116.89,116.89,802237,0.0,1.0
2018-05-30,120.36,121.54,118.25,118.55,118.55,1041931,0.0,1.0
2018-05-29,121.41,122.61,119.9,119.96,119.96,612245,0.0,1.0
2018-05-25,122.33,123.69,121.23,122.3,122.3,419464,0.0,1.0
2018-05-24,121.26,123.13,120.83,122.66,122.66,524208,0.0,1.0
2018-05-23,118.22,121.5,118.12,121.46,121.46,476360,0.0,1.0
2018-05-22,123.0,123.18,119.05,119.21,119.21,630758,0.0,1.0
2018-05-21,123.3,123.749,120.51,122.57,122.57,614999,0.0,1.0
2018-05-18,122.61,123.35,121.81,122.46,122.46,411264,0.0,1.0
2018-05-17,122.57,123.06,121.575,122.28,122.28,399309,0.0,1.0
2018-05-16,123.3,123.74,121.99,122.55,122.55,619105,0.0,1.0
2018-05-15,121.63,124.63,120.82,123.55,123.55,356158,0.0,1.0
2018-05-14,126.52,127.24,121.7924,122.85,122.85,538753,0.0,1.0
2018-05-11,128.55,128.875,125.25,126.22,126.22,381010,0.0,1.0
2018-05-10,127.5,130.27,127.43,128.72,128.72,526227,0.0,1.0
2018-05-09,125.77,127.84,125.0,127.29,127.29,396520,0.0,1.0
2018-05-08,124.08,125.395,123.8,125.12,125.12,360174,0.0,1.0
2018-05-07,122.79,125.31,122.5,124.43,124.43,322005,0.0,1.0
2018-05-04,119.63,123.03,118.11,122.49,122.49,463184,0.0,1.0
2018-05-03,119.02,121.0,116.79,119.96,119.96,572794,0.0,1.0
2018-05-02,118.94,119.95,117.3777,119.32,119.32,379583,0.0,1.0
2018-05-01,117.4,119.08,116.0501,118.87,118.87,356191,0.0,1.0
2018-04-30,118.99,120.11,116.65,117.94,117.94,646968,0.0,1.0
2018-04-27,122.37,125.5248,115.225,117.23,117.23,1350394,0.0,1.0
2018-04-26,121.3,124.31,119.6,123.67,123.67,626228,0.0,1.0
2018-04-25,121.0,121.63,116.91,120.11,120.11,800285,0.0,1.0
2018-04-24,122.85,124.41,120.27,121.15,121.15,350300,0.0,1.0
2018-04-23,123.07,123.54,120.95,122.06,122.06,545188,0.0,1.0
2018-04-20,124.99,126.07,120.92,122.07,122.07,725910,0.0,1.0
2018-04-19,125.91,126.35,124.52,125.63,125.63,298998,0.0,1.0
2018-04-18,125.61,127.35,124.145,126.1,126.1,325691,0.0,1.0
2018-04-17,125.53,126.18,124.5,125.62,125.62,588692,0.0,1.0
2018-04-16,122.67,126.29,121.83,124.43,124.43,548436,0.0,1.0
2018-04-13,123.66,123.825,120.42,121.36,121.36,301772,0.0,1.0
2018-04-12,121.96,123.64,121.17,122.94,122.94,497160,0.0,1.0
2018-04-11,120.71,122.27,119.08,120.84,120.84,348889,0.0,1.0
2018-04-10,121.93,121.93,118.78,120.71,120.71,755304,0.0,1.0
2018-04-09,118.49,121.2799,117.69,118.37,118.37,682936,0.0,1.0
2018-04-06,117.41,120.08,116.15,117.19,117.19,427672,0.0,1.0
2018-04-05,119.67,120.41,117.77,119.1,119.1,447664,0.0,1.0
2018-04-04,113.05,119.22,112.75,118.77,118.77,502493,0.0,1.0
2018-04-03,113.54,115.55,112.8,115.11,115.11,407001,0.0,1.0
2018-04-02,113.09,114.119,110.72,112.46,112.46,537091,0.0,1.0
2018-03-29,113.07,115.615,111.31,113.65,113.65,546430,0.0,1.0
2018-03-28,112.13,114.51,111.1,112.3,112.3,790646,0.0,1.0
2018-03-27,122.31,122.57,111.23,112.06,112.06,1095908,0.0,1.0
2018-03-26,117.84,122.35,117.84,121.97,121.97,536059,0.0,1.0
2018-03-23,117.79,119.64,115.5818,115.75,115.75,605346,0.0,1.0
2018-03-22,120.75,121.765,117.26,117.34,117.34,629142,0.0,1.0
2018-03-21,120.18,123.2,119.4101,121.79,121.79,610502,0.0,1.0
2018-03-20,118.0,121.23,117.1,120.41,120.41,705127,0.0,1.0
2018-03-19,117.87,118.88,116.1,117.87,117.87,579996,0.0,1.0
2018-03-16,119.84,121.37,118.66,118.69,118.69,819399,0.0,1.0
2018-03-15,120.59,121.85,119.18,120.01,120.01,707666,0.0,1.0
2018-03-14,118.9,121.7,118.34,120.51,120.51,789777,0.0,1.0
2018-03-13,120.57,123.869,117.83,118.58,118.58,552689,0.0,1.0
2018-03-12,119.36,119.5016,117.5,119.02,119.02,626083,0.0,1.0
2018-03-09,122.0,122.28,118.62,118.85,118.85,716247,0.0,1.0
2018-03-08,118.79,121.42,118.79,120.84,120.84,922055,0.0,1.0
2018-03-07,116.52,120.71,116.45,118.69,118.69,1123915,0.0,1.0
2018-03-06,116.14,118.03,114.59,117.36,117.36,1416601,0.0,1.0
2018-03-05,111.1,116.04,110.545,115.51,115.51,973889,0.0,1.0
2018-03-02,106.53,112.36,106.15,111.05,111.05,1001028,0.0,1.0
2018-03-01,107.42,109.27,105.14,107.22,107.22,594146,0.0,1.0
2018-02-28,108.41,109.6,107.14,107.17,107.17,459440,0.0,1.0
2018-02-27,109.25,109.83,107.17,107.97,107.97,478723,0.0,1.0
2018-02-26,106.67,108.7,105.81,108.48,108.48,281985,0.0,1.0
2018-02-23,105.64,106.49,104.93,106.11,106.11,361526,0.0,1.0
2018-02-22,105.79,106.77,104.52,104.77,104.77,365335,0.0,1.0
2018-02-21,105.82,106.84,104.84,105.1,105.1,726526,0.0,1.0
2018-02-20,104.65,107.76,104.65,105.91,105.91,716953,0.0,1.0
2018-02-16,103.68,105.8,102.54,105.25,105.25,612814,0.0,1.0
2018-02-15,102.0,105.16,101.19,104.14,104.14,660120,0.0,1.0
2018-02-14,97.93,101.725,97.8,101.27,101.27,642353,0.0,1.0
2018-02-13,96.05,99.41,96.05,99.35,99.35,538209,0.0,1.0
2018-02-12,98.07,98.77,96.0,96.87,96.87,423205,0.0,1.0
2018-02-09,94.68,98.15,92.0,97.05,97.05,1168379,0.0,1.0
2018-02-08,100.08,100.89,92.84,92.91,92.91,1064587,0.0,1.0
2018-02-07,103.01,103.245,97.13,99.92,99.92,1869941,0.0,1.0
2018-02-06,96.34,103.94,96.11,102.58,102.58,1082193,0.0,1.0
2018-02-05,100.08,103.51,99.0,99.05,99.05,608367,0.0,1.0
2018-02-02,101.33,102.64,96.02,101.55,101.55,348550,0.0,1.0
2018-02-01,101.08,103.06,101.04,102.02,102.02,368886,0.0,1.0
2018-01-31,103.02,104.11,101.92,102.02,102.02,354046,0.0,1.0
2018-01-30,101.27,103.47,99.84,101.73,101.73,300861,0.0,1.0
2018-01-29,103.18,104.62,102.42,102.65,102.65,266707,0.0,1.0
2018-01-26,100.93,103.52,100.0,103.24,103.24,440817,0.0,1.0
2018-01-25,99.99,100.39,99.17,100.03,100.03,251114,0.0,1.0
2018-01-24,99.88,100.88,98.64,99.65,99.65,330556,0.0,1.0
2018-01-23,98.16,99.65,97.92,99.6,99.6,350764,0.0,1.0
2018-01-22,99.7,99.89,97.91,98.34,98.34,260734,0.0,1.0
2018-01-19,98.1,99.71,98.02,99.57,99.57,388522,0.0,1.0
2018-01-18,97.59,98.77,97.3,98.05,98.05,305438,0.0,1.0
2018-01-17,96.48,97.63,95.1,97.55,97.55,367875,0.0,1.0
2018-01-16,99.97,101.05,95.57,95.75,95.75,513222,0.0,1.0
2018-01-12,99.67,99.8,96.79,99.11,99.11,717799,0.0,1.0
2018-01-11,97.75,99.79,97.22,99.67,99.67,509802,0.0,1.0
2018-01-10,96.96,98.43,96.71,97.67,97.67,514935,0.0,1.0
2018-01-09,96.75,98.84,95.365,97.72,97.72,836095,0.0,1.0
2018-01-08,95.3,96.6,94.82,96.25,96.25,567214,0.0,1.0
2018-01-05,94.95,95.78,93.81,95.66,95.66,422166,0.0,1.0
2018-01-04,93.37,95.45,93.37,94.73,94.73,398924,0.0,1.0
2018-01-03,92.11,92.805,91.46,92.74,92.74,357999,0.0,1.0
2018-01-02,89.55,92.15,88.85,92.13,92.13,505081,0.0,1.0
2017-12-29,90.16,90.3013,88.7,88.81,88.81,311142,0.0,1.0
2017-12-28,91.45,91.45,89.35,90.08,90.08,365961,0.0,1.0
2017-12-27,91.67,91.75,90.375,91.14,91.14,253981,0.0,1.0
2017-12-26,91.05,92.37,90.3,91.68,91.68,154635,0.0,1.0
2017-12-22,91.79,92.92,91.01,91.44,91.44,270170,0.0,1.0
2017-12-21,91.57,92.65,90.52,92.2,92.2,346866,0.0,1.0
2017-12-20,92.35,92.35,90.11,91.01,91.01,272906,0.0,1.0
2017-12-19,91.65,92.5599,89.97,91.9,91.9,342761,0.0,1.0
2017-12-18,92.04,92.209,90.43,91.79,91.79,409336,0.0,1.0
2017-12-15,88.87,91.65,88.54,91.58,91.58,590157,0.0,1.0
2017-12-14,88.11,90.0,87.91,88.71,88.71,312239,0.0,1.0
2017-12-13,87.55,88.73,87.01,87.77,87.77,198675,0.0,1.0
2017-12-12,87.76,88.03,86.91,87.07,87.07,483041,0.0,1.0
2017-12-11,85.78,87.87,85.56,87.86,87.86,393002,0.0,1.0
2017-12-08,87.09,87.73,85.59,85.95,85.95,486802,0.0,1.0
2017-12-07,84.0,86.31,83.42,86.3,86.3,454653,0.0,1.0
2017-12-06,83.81,85.97,82.6047,84.24,84.24,532771,0.0,1.0
2017-12-05,87.44,88.08,83.975,84.07,84.07,890968,0.0,1.0
2017-12-04,91.27,91.48,87.06,87.21,87.21,607184,0.0,1.0
2017-12-01,89.79,90.66,88.1626,90.54,90.54,310699,0.0,1.0
2017-11-30,89.47,90.28,88.1,90.05,90.05,305814,0.0,1.0
2017-11-29,92.08,92.49,88.03,88.7,88.7,818746,0.0,1.0
2017-11-28,92.45,92.45,90.67,92.39,92.39,532467,0.0,1.0
2017-11-27,92.75,94.63,91.69,91.82,91.82,402580,0.0,1.0
2017-11-24,91.6,93.13,91.41,92.6,92.6,153064,0.0,1.0
2017-11-22,90.89,92.4,90.11,91.45,91.45,360910,0.0,1.0
2017-11-21,91.22,91.92,90.6,91.1,91.1,428984,0.0,1.0
2017-11-20,89.91,90.96,89.24,90.84,90.84,391170,0.0,1.0
2017-11-17,90.62,90.97,88.56,90.0,90.0,427238,0.0,1.0
2017-11-16,89.71,91.65,89.4,91.07,91.07,349305,0.0,1.0
2017-11-15,89.79,90.61,88.97,89.63,89.63,533809,0.0,1.0
2017-11-14,88.66,91.06,88.66,90.26,90.26,479488,0.0,1.0
2017-11-13,89.51,89.87,88.38,89.0,89.0,268304,0.0,1.0
2017-11-10,88.48,90.38,88.25,90.26,90.26,410239,0.0,1.0
2017-11-09,90.98,91.15,86.8,88.3,88.3,629807,0.0,1.0
2017-11-08,89.09,92.45,89.0,91.68,91.68,406409,0.0,1.0
2017-11-07,91.79,92.36,88.98,89.07,89.07,556050,0.0,1.0
2017-11-06,92.18,92.42,91.13,91.78,91.78,397115,0.0,1.0
2017-11-03,89.47,91.89,89.2,91.8,91.8,333593,0.0,1.0
2017-11-02,90.89,90.89,89.13,89.63,89.63,496281,0.0,1.0
2017-11-01,92.73,93.12,89.76,91.2,91.2,693255,0.0,1.0
2017-10-31,91.02,93.29,90.59,92.41,92.41,527382,0.0,1.0
2017-10-30,89.0,90.76,88.17,90.58,90.58,436044,0.0,1.0
2017-10-27,91.8,92.31,88.75,89.4,89.4,538515,0.0,1.0
2017-10-26,89.67,91.07,89.2,90.69,90.69,531312,0.0,1.0
2017-10-25,91.23,92.18,88.07,89.33,89.33,623410,0.0,1.0
2017-10-24,92.38,93.08,91.09,91.42,91.42,632747,0.0,1.0
2017-10-23,96.41,97.37,92.28,92.43,92.43,984573,0.0,1.0
2017-10-20,93.69,97.92,92.56,96.11,96.11,1637230,0.0,1.0
2017-10-19,94.37,95.64,92.65,95.1,95.1,1183773,0.0,1.0
2017-10-18,95.35,95.48,93.84,94.19,94.19,698951,0.0,1.0
2017-10-17,95.0,96.84,93.73,94.31,94.31,995209,0.0,1.0
2017-10-16,94.3,95.09,93.39,95.03,95.03,459151,0.0,1.0
2017-10-13,93.89,94.69,93.15,94.01,94.01,297064,0.0,1.0
2017-10-12,92.88,95.0,92.07,93.75,93.75,446861,0.0,1.0
2017-10-11,92.93,93.27,91.65,93.1,93.1,327542,0.0,1.0
2017-10-10,94.02,94.56,92.47,92.67,92.67,364255,0.0,1.0
2017-10-09,94.2,95.33,93.14,93.58,93.58,375203,0.0,1.0
2017-10-06,92.0,95.0,91.08,94.2,94.2,541376,0.0,1.0
2017-10-05,91.0,92.39,89.54,92.3,92.3,438730,0.0,1.0
2017-10-04,89.6,90.92,88.78,90.86,90.86,569008,0.0,1.0
2017-10-03,88.94,89.62,88.37,89.61,89.61,304337,0.0,1.0
2017-10-02,87.22,88.87,86.55,88.68,88.68,419745,0.0,1.0
2017-09-29,88.04,88.55,86.85,87.22,87.22,804297,0.0,1.0
2017-09-28,90.26,90.46,87.9,87.91,87.91,659701,0.0,1.0
2017-09-27,88.68,91.26,88.14,90.5,90.5,649266,0.0,1.0
2017-09-26,88.83,88.89,87.43,87.96,87.96,359329,0.0,1.0
2017-09-25,90.18,90.78,86.42,88.24,88.24,619192,0.0,1.0
2017-09-22,90.0,91.03,89.84,90.5,90.5,228746,0.0,1.0
2017-09-21,92.54,92.54,89.6,90.44,90.44,290830,0.0,1.0
2017-09-20,91.47,92.74,91.35,92.19,92.19,787758,0.0,1.0
2017-09-19,90.42,91.96,90.22,91.87,91.87,378110,0.0,1.0
2017-09-18,89.59,91.18,89.59,90.42,90.42,263338,0.0,1.0
2017-09-15,87.76,89.64,87.1,89.48,89.48,629837,0.0,1.0
2017-09-14,88.71,90.06,87.66,87.81,87.81,433417,0.0,1.0
2017-09-13,90.03,91.4,88.76,89.16,89.16,581808,0.0,1.0
2017-09-12,91.76,92.2,89.1,90.05,90.05,544759,0.0,1.0
2017-09-11,92.99,93.7,90.38,91.19,91.19,492715,0.0,1.0
2017-09-08,92.63,97.0,91.7,91.94,91.94,1296563,0.0,1.0
2017-09-07,90.5,91.7,89.23,91.66,91.66,471190,0.0,1.0
2017-09-06,92.07,92.74,90.66,90.74,90.74,306072,0.0,1.0
2017-09-05,91.3,92.75,90.7201,91.58,91.58,597495,0.0,1.0
2017-09-01,92.15,92.15,90.99,91.7,91.7,442718,0.0,1.0
2017-08-31,91.87,92.47,91.42,91.76,91.76,445425,0.0,1.0
2017-08-30,90.32,91.8,90.22,91.53,91.53,454527,0.0,1.0
2017-08-29,89.92,90.79,89.58,90.43,90.43,387731,0.0,1.0
2017-08-28,90.79,91.35,89.85,90.72,90.72,283039,0.0,1.0
2017-08-25,91.11,92.04,89.94,90.35,90.35,430121,0.0,1.0
2017-08-24,90.09,91.18,89.63,90.36,90.36,277186,0.0,1.0
2017-08-23,89.39,92.2,89.21,89.83,89.83,418743,0.0,1.0
2017-08-22,88.73,90.9,88.35,90.6,90.6,413602,0.0,1.0
2017-08-21,87.67,88.66,87.14,88.53,88.53,229499,0.0,1.0
2017-08-18,86.62,88.21,86.03,87.6,87.6,302600,0.0,1.0
2017-08-17,88.82,89.99,87.08,87.14,87.14,285781,0.0,1.0
2017-08-16,88.32,89.63,87.89,89.01,89.01,336282,0.0,1.0
2017-08-15,88.94,88.95,87.42,87.86,87.86,228956,0.0,1.0
2017-08-14,87.93,89.53,87.2,88.6,88.6,372345,0.0,1.0
2017-08-11,85.49,87.23,84.9,86.84,86.84,367655,0.0,1.0
2017-08-10,86.36,86.66,83.92,85.2,85.2,550057,0.0,1.0
2017-08-09,86.16,87.15,85.69,86.95,86.95,288947,0.0,1.0
2017-08-08,87.48,87.97,86.75,86.88,86.88,366712,0.0,1.0
2017-08-07,86.62,88.03,86.4,87.8,87.8,306184,0.0,1.0
2017-08-04,86.39,87.19,85.94,86.28,86.28,315367,0.0,1.0
2017-08-03,85.76,86.95,85.5,86.44,86.44,603463,0.0,1.0
2017-08-02,86.24,87.11,84.06,85.32,85.32,605490,0.0,1.0
2017-08-01,85.5,87.1,84.7,86.23,86.23,660206,0.0,1.0
2017-07-31,88.87,89.37,85.16,85.24,85.24,1184497,0.0,1.0
2017-07-28,89.75,92.0,88.42,89.02,89.02,1378126,0.0,1.0
2017-07-27,89.2,90.21,85.96,88.44,88.44,1418694,0.0,1.0
2017-07-26,91.06,91.69,89.46,89.86,89.86,542593,0.0,1.0
2017-07-25,91.76,92.02,90.5,90.71,90.71,636408,0.0,1.0
2017-07-24,91.49,91.74,90.18,91.6,91.6,598144,0.0,1.0
2017-07-21,92.97,92.97,91.19,91.49,91.49,495308,0.0,1.0
2017-07-20,92.64,93.43,91.25,92.48,92.48,765813,0.0,1.0
2017-07-19,89.87,93.18,89.6,93.17,93.17,598421,0.0,1.0
2017-07-18,88.13,90.08,87.26,89.86,89.86,381398,0.0,1.0
2017-07-17,89.93,89.93,87.47,88.62,88.62,836878,0.0,1.0
2017-07-14,87.22,89.84,86.57,89.8,89.8,779490,0.0,1.0
2017-07-13,87.45,87.48,86.61,87.22,87.22,367683,0.0,1.0
2017-07-12,86.07,87.81,85.5,87.31,87.31,350927,0.0,1.0
2017-07-11,83.94,85.12,83.22,84.94,84.94,353544,0.0,1.0
2017-07-10,85.8,86.18,83.62,84.47,84.47,703550,0.0,1.0
2017-07-07,84.92,86.81,84.6,85.72,85.72,736376,0.0,1.0
2017-07-06,85.59,85.98,84.12,84.53,84.53,422865,0.0,1.0
2017-07-05,86.03,87.1,85.49,85.99,85.99,412387,0.0,1.0
2017-07-03,87.69,87.97,84.25,85.36,85.36,275310,0.0,1.0
2017-06-30,86.22,87.62,85.63,86.83,86.83,380640,0.0,1.0
2017-06-29,88.45,89.07,85.81,86.24,86.24,661151,0.0,1.0
2017-06-28,84.97,89.1,84.87,88.74,88.74,732273,0.0,1.0
2017-06-27,85.54,86.9,84.19,84.48,84.48,658675,0.0,1.0
2017-06-26,89.03,89.31,85.57,85.78,85.78,548544,0.0,1.0
2017-06-23,88.07,89.11,86.63,88.63,88.63,765475,0.0,1.0
2017-06-22,86.06,88.0,85.66,87.93,87.93,417315,0.0,1.0
2017-06-21,86.24,88.0,85.51,85.7,85.7,574982,0.0,1.0
2017-06-20,87.95,88.7,85.26,85.58,85.58,417658,0.0,1.0
2017-06-19,88.08,88.41,87.04,87.95,87.95,383052,0.0,1.0
2017-06-16,86.35,87.98,86.3,87.45,87.45,588508,0.0,1.0
2017-06-15,85.3,86.81,84.19,86.79,86.79,495446,0.0,1.0
2017-06-14,89.2,89.32,85.66,86.64,86.64,637730,0.0,1.0
2017-06-13,89.03,90.35,88.26,88.42,88.42,460295,0.0,1.0
2017-06-12,87.0,89.69,83.05,87.91,87.91,885368,0.0,1.0
2017-06-09,92.91,93.46,85.74,88.08,88.08,1121042,0.0,1.0
2017-06-08,92.45,93.48,90.64,92.96,92.96,823091,0.0,1.0
2017-06-07,91.47,94.33,90.84,92.42,92.42,923908,0.0,1.0
2017-06-06,88.67,92.61,88.0,90.87,90.87,949891,0.0,1.0
2017-06-05,89.05,89.87,88.59,89.53,89.53,455292,0.0,1.0
2017-06-02,89.23,89.9,88.21,89.27,89.27,505105,0.0,1.0
2017-06-01,87.91,89.25,86.85,89.23,89.23,693950,0.0,1.0
2017-05-31,86.7,86.88,84.31,86.0,86.0,623175,0.0,1.0
2017-05-30,89.0,89.42,86.63,86.64,86.64,521097,0.0,1.0
2017-05-26,88.19,89.65,87.81,89.42,89.42,836746,0.0,1.0
2017-05-25,86.0,88.82,85.96,88.15,88.15,749177,0.0,1.0
2017-05-24,84.88,86.75,84.88,85.7,85.7,552131,0.0,1.0
2017-05-23,84.7,85.4,82.86,84.81,84.81,651981,0.0,1.0
2017-05-22,83.2,84.43,82.51,84.27,84.27,463950,0.0,1.0
2017-05-19,81.25,83.4,81.16,82.18,82.18,684572,0.0,1.0
2017-05-18,80.5,82.15,79.64,80.9,80.9,1068257,0.0,1.0
2017-05-17,84.94,85.0,80.77,80.79,80.79,1496732,0.0,1.0
2017-05-16,86.67,88.48,85.19,85.76,85.76,1357688,0.0,1.0
2017-05-15,84.72,87.84,84.48,86.05,86.05,2407086,0.0,1.0
2017-05-12,79.76,80.9,79.23,80.15,80.15,367926,0.0,1.0
2017-05-11,79.85,80.32,78.47,79.94,79.94,436553,0.0,1.0
2017-05-10,79.39,80.64,79.23,80.31,80.31,417253,0.0,1.0
2017-05-09,81.26,81.52,79.36,79.39,79.39,447473,0.0,1.0
2017-05-08,81.5,81.76,80.1,81.05,81.05,540575,0.0,1.0
2017-05-05,79.11,81.99,78.87,81.97,81.97,834439,0.0,1.0
2017-05-04,77.0,78.84,76.61,78.81,78.81,508859,0.0,1.0
2017-05-03,76.91,77.72,76.66,77.14,77.14,535086,0.0,1.0
2017-05-02,75.88,76.99,75.37,76.94,76.94,679089,0.0,1.0
2017-05-01,75.26,76.08,74.58,75.76,75.76,443580,0.0,1.0
2017-04-28,76.31,76.31,74.42,75.37,75.37,715403,0.0,1.0
2017-04-27,78.12,78.98,75.96,76.1,76.1,1337334,0.0,1.0
2017-04-26,78.94,79.24,76.72,77.46,77.46,810232,0.0,1.0
2017-04-25,78.9,80.08,78.6,78.65,78.65,744240,0.0,1.0
2017-04-24,78.63,78.98,77.0,78.49,78.49,1310848,0.0,1.0
2017-04-21,79.47,79.47,75.2,77.65,77.65,4450396,0.0,1.0
2017-04-20,73.35,75.61,70.3,71.0,71.0,4618406,0.0,1.0
2017-04-19,77.21,78.22,76.3,77.62,77.62,688625,0.0,1.0
2017-04-18,74.8,75.73,74.68,75.52,75.52,323880,0.0,1.0
2017-04-17,74.82,75.8,74.58,74.91,74.91,701634,0.0,1.0
2017-04-13,74.64,75.9,74.41,74.46,74.46,547059,0.0,1.0
2017-04-12,73.35,74.79,73.14,74.62,74.62,534070,0.0,1.0
2017-04-11,72.46,73.62,72.16,73.26,73.26,601089,0.0,1.0
2017-04-10,73.49,74.25,72.53,72.73,72.73,720491,0.0,1.0
2017-04-07,75.45,75.54,73.58,73.6,73.6,658272,0.0,1.0
2017-04-06,74.99,75.68,74.06,75.67,75.67,606328,0.0,1.0
2017-04-05,76.17,77.08,74.07,74.98,74.98,629990,0.0,1.0
2017-04-04,74.83,76.38,74.83,75.56,75.56,399189,0.0,1.0
2017-04-03,74.36,75.93,73.99,75.07,75.07,615523,0.0,1.0
2017-03-31,74.08,75.17,73.45,74.36,74.36,431171,0.0,1.0
2017-03-30,74.77,75.18,73.68,74.12,74.12,235790,0.0,1.0
2017-03-29,74.65,75.93,74.08,74.58,74.58,438845,0.0,1.0
2017-03-28,74.7,75.15,72.94,74.65,74.65,712272,0.0,1.0
2017-03-27,72.9,74.8,71.08,74.67,74.67,780511,0.0,1.0
2017-03-24,73.5,74.35,72.75,73.37,73.37,722727,0.0,1.0
2017-03-23,74.82,76.55,72.4,73.79,73.79,1836803,0.0,1.0
2017-03-22,78.05,79.2,77.6,79.2,79.2,399143,0.0,1.0
2017-03-21,81.34,81.38,78.06,78.27,78.27,478342,0.0,1.0
2017-03-20,80.71,81.0,80.05,80.85,80.85,338425,0.0,1.0
2017-03-17,81.28,82.03,80.74,80.94,80.94,744374,0.0,1.0
2017-03-16,80.38,81.73,80.01,81.63,81.63,328419,0.0,1.0
2017-03-15,79.3,80.47,79.14,80.29,80.29,484897,0.0,1.0
2017-03-14,79.66,79.83,78.72,79.31,79.31,252973,0.0,1.0
2017-03-13,79.01,80.38,78.83,80.28,80.28,429136,0.0,1.0
2017-03-10,78.92,79.63,77.99,78.9,78.9,306482,0.0,1.0
2017-03-09,78.11,78.86,77.6,78.56,78.56,359558,0.0,1.0
2017-03-08,78.42,79.38,77.97,78.29,78.29,336532,0.0,1.0
2017-03-07,78.69,79.45,78.31,78.48,78.48,667167,0.0,1.0
2017-03-06,79.47,79.86,78.74,78.92,78.92,398856,0.0,1.0
2017-03-03,78.65,80.09,78.02,80.05,80.05,386405,0.0,1.0
2017-03-02,79.47,79.63,78.63,78.68,78.68,396163,0.0,1.0
2017-03-01,77.66,80.71,77.61,79.66,79.66,865714,0.0,1.0
2017-02-28,79.07,79.71,78.01,78.77,78.77,671510,0.0,1.0
2017-02-27,79.69,79.83,78.4,79.35,79.35,519862,0.0,1.0
2017-02-24,81.19,81.19,79.49,79.64,79.64,529903,0.0,1.0
2017-02-23,82.04,82.8,80.8,81.32,81.32,447622,0.0,1.0
2017-02-22,83.46,83.87,82.77,82.98,82.98,316255,0.0,1.0
2017-02-21,82.32,84.36,82.32,83.56,83.56,650571,0.0,1.0
2017-02-17,81.53,82.45,80.61,81.84,81.84,686622,0.0,1.0
2017-02-16,83.59,84.23,80.67,81.53,81.53,790365,0.0,1.0
2017-02-15,81.7,84.13,81.24,83.39,83.39,622440,0.0,1.0
2017-02-14,81.47,82.93,80.85,82.47,82.47,404011,0.0,1.0
2017-02-13,82.58,83.64,81.6,82.01,82.01,561256,0.0,1.0
2017-02-10,82.71,83.65,81.94,82.5,82.5,401067,0.0,1.0
2017-02-09,82.71,83.29,81.02,82.65,82.65,492854,0.0,1.0
2017-02-08,82.5,82.72,80.23,81.29,81.29,648791,0.0,1.0
2017-02-07,81.9,83.28,81.02,82.34,82.34,539152,0.0,1.0
2017-02-06,83.49,83.51,81.49,81.86,81.86,553782,0.0,1.0
2017-02-03,80.99,83.89,80.71,83.81,83.81,1115301,0.0,1.0
2017-02-02,80.04,80.81,79.13,80.72,80.72,655925,0.0,1.0
2017-02-01,80.14,81.44,79.69,80.09,80.09,869432,0.0,1.0
2017-01-31,76.91,80.27,76.83,80.16,80.16,792215,0.0,1.0
2017-01-30,77.36,77.78,76.14,77.34,77.34,1020318,0.0,1.0
2017-01-27,79.65,80.78,75.44,77.93,77.93,3029012,0.0,1.0
2017-01-26,81.62,83.3,81.07,82.63,82.63,1341533,0.0,1.0
2017-01-25,80.84,81.83,80.2,80.8,80.8,653354,0.0,1.0
2017-01-24,80.15,80.9686,79.41,79.72,79.72,537312,0.0,1.0
2017-01-23,80.88,81.88,78.76,79.54,79.54,750039,0.0,1.0
2017-01-20,80.85,81.93,80.29,80.61,80.61,354082,0.0,1.0
2017-01-19,81.71,82.51,80.71,80.85,80.85,348136,0.0,1.0
2017-01-18,79.77,80.94,78.99,80.83,80.83,350838,0.0,1.0
2017-01-17,81.27,81.465,79.23,79.57,79.57,338141,0.0,1.0
2017-01-13,81.49,82.71,81.12,81.89,81.89,351331,0.0,1.0
2017-01-12,80.26,81.18,78.06,81.08,81.08,430232,0.0,1.0
2017-01-11,78.71,80.77,77.56,80.42,80.42,440074,0.0,1.0
2017-01-10,79.35,79.49,76.9344,78.26,78.26,429735,0.0,1.0
2017-01-09,79.0,79.87,78.26,78.73,78.73,466890,0.0,1.0
2017-01-06,77.38,79.65,76.3,79.18,79.18,750192,0.0,1.0
2017-01-05,75.0,77.5,74.7,77.0,77.0,680762,0.0,1.0
2017-01-04,73.84,75.83,72.96,74.72,74.72,494505,0.0,1.0
2017-01-03,71.5,73.675,71.39,73.36,73.36,601694,0.0,1.0
2016-12-30,70.99,71.24,70.3,70.65,70.65,277106,0.0,1.0
2016-12-29,70.89,71.5,69.78,71.0,71.0,314080,0.0,1.0
2016-12-28,71.0,71.92,69.88,70.72,70.72,593658,0.0,1.0
2016-12-27,70.35,71.67,70.07,71.5,71.5,328158,0.0,1.0
2016-12-23,69.4,70.6,69.24,70.58,70.58,314042,0.0,1.0
2016-12-22,71.17,71.17,69.25,69.41,69.41,450177,0.0,1.0
2016-12-21,71.25,71.71,69.23,70.83,70.83,615228,0.0,1.0
2016-12-20,71.81,72.86,71.28,71.56,71.56,499192,0.0,1.0
2016-12-19,70.09,71.97,70.0,71.72,71.72,454963,0.0,1.0
2016-12-16,72.27,72.37,69.77,70.19,70.19,542920,0.0,1.0
2016-12-15,72.41,72.79,71.48,71.87,71.87,450902,0.0,1.0
2016-12-14,71.53,72.2438,70.85,71.95,71.95,403860,0.0,1.0
2016-12-13,70.39,72.75,70.38,71.72,71.72,442478,0.0,1.0
2016-12-12,71.84,72.25,69.5,70.38,70.38,551734,0.0,1.0
2016-12-09,74.45,75.99,72.2,72.26,72.26,463299,0.0,1.0
2016-12-08,74.03,75.06,73.04,74.82,74.82,436104,0.0,1.0
2016-12-07,72.5,74.6,71.42,73.97,73.97,533091,0.0,1.0
2016-12-06,73.08,73.29,71.52,72.87,72.87,605091,0.0,1.0
2016-12-05,71.31,74.1,71.14,73.14,73.14,752395,0.0,1.0
2016-12-02,69.94,72.18,69.19,71.14,71.14,1109941,0.0,1.0
2016-12-01,76.69,77.01,70.96,71.37,71.37,1532405,0.0,1.0
2016-11-30,81.01,81.2,76.6,77.01,77.01,749740,0.0,1.0
2016-11-29,81.24,82.491,80.23,80.29,80.29,590231,0.0,1.0
2016-11-28,84.05,84.4426,80.99,81.52,81.52,557405,0.0,1.0
2016-11-25,83.95,84.4393,83.4,84.07,84.07,132899,0.0,1.0
2016-11-23,84.56,85.0,83.11,83.99,83.99,548464,0.0,1.0
2016-11-22,85.49,85.63,84.11,84.93,84.93,735695,0.0,1.0
2016-11-21,87.34,87.68,86.03,87.44,87.44,463978,0.0,1.0
2016-11-18,87.23,88.0,86.575,86.6,86.6,605593,0.0,1.0
2016-11-17,86.17,87.38,85.31,86.96,86.96,575316,0.0,1.0
2016-11-16,84.62,87.0,84.05,86.28,86.28,1028169,0.0,1.0
2016-11-15,82.33,84.5999,82.1,84.22,84.22,979790,0.0,1.0
2016-11-14,83.22,84.5,81.33,81.74,81.74,817628,0.0,1.0
2016-11-11,78.81,82.38,77.59,82.33,82.33,897821,0.0,1.0
2016-11-10,80.0,82.96,78.19,79.01,79.01,1162102,0.0,1.0
2016-11-09,75.65,79.95,75.0,79.6,79.6,936611,0.0,1.0
2016-11-08,76.65,77.87,75.44,77.05,77.05,373768,0.0,1.0
2016-11-07,75.75,77.9,75.04,77.14,77.14,764836,0.0,1.0
2016-11-04,73.66,75.0,73.13,73.79,73.79,420577,0.0,1.0
2016-11-03,74.14,74.77,73.16,73.35,73.35,342232,0.0,1.0
2016-11-02,75.62,75.99,73.76,74.13,74.13,593279,0.0,1.0
2016-11-01,78.34,78.34,75.61,75.94,75.94,946202,0.0,1.0
2016-10-31,75.34,78.74,74.723,78.38,78.38,1390693,0.0,1.0
2016-10-28,74.3,76.43,73.62,75.03,75.03,405318,0.0,1.0
2016-10-27,76.73,76.95,74.4536,74.78,74.78,649314,0.0,1.0
2016-10-26,76.58,77.65,75.88,76.11,76.11,466416,0.0,1.0
2016-10-25,78.39,78.91,76.97,77.07,77.07,489918,0.0,1.0
2016-10-24,77.64,79.78,77.18,78.25,78.25,1024613,0.0,1.0
2016-10-21,76.0,77.9,74.37,77.39,77.39,3024192,0.0,1.0
2016-10-20,69.24,70.335,68.45,69.78,69.78,1173113,0.0,1.0
2016-10-19,70.56,71.58,69.61,69.72,69.72,612140,0.0,1.0
2016-10-18,71.05,71.7,70.31,70.91,70.91,1099812,0.0,1.0
2016-10-17,70.8,71.005,70.07,70.3,70.3,415764,0.0,1.0
2016-10-14,70.79,71.885,69.93,70.52,70.52,613167,0.0,1.0
2016-10-13,69.39,70.79,68.65,70.06,70.06,588367,0.0,1.0
2016-10-12,68.86,69.725,68.04,69.52,69.52,1119315,0.0,1.0
2016-10-11,73.16,73.45,70.62,71.02,71.02,447271,0.0,1.0
2016-10-10,74.05,74.72,73.36,73.42,73.42,413697,0.0,1.0
2016-10-07,73.04,73.72,72.66,73.47,73.47,399482,0.0,1.0
2016-10-06,73.62,73.62,72.11,73.18,73.18,282881,0.0,1.0
2016-10-05,74.23,74.86,73.34,73.41,73.41,357432,0.0,1.0
2016-10-04,73.32,74.76,72.44,74.18,74.18,468123,0.0,1.0
2016-10-03,74.35,74.85,73.29,73.49,73.49,401884,0.0,1.0
2016-09-30,75.79,75.79,73.67,74.85,74.85,906918,0.0,1.0
2016-09-29,78.47,78.57,75.2,75.26,75.26,716832,0.0,1.0
2016-09-28,78.73,78.93,77.43,78.71,78.71,1223053,0.0,1.0
2016-09-27,76.33,78.3,76.035,78.24,78.24,934393,0.0,1.0
2016-09-26,76.3,76.95,75.85,76.36,76.36,324452,0.0,1.0
2016-09-23,76.44,77.42,76.03,76.52,76.52,393807,0.0,1.0
2016-09-22,76.63,76.98,75.56,76.08,76.08,1079662,0.0,1.0
2016-09-21,74.19,75.88,74.01,75.76,75.76,645012,0.0,1.0
2016-09-20,75.95,76.02,74.14,74.64,74.64,481630,0.0,1.0
2016-09-19,77.39,77.645,75.545,75.59,75.59,509138,0.0,1.0
2016-09-16,76.28,76.9155,75.48,76.62,76.62,542078,0.0,1.0
2016-09-15,74.93,76.23,74.65,76.12,76.12,436670,0.0,1.0
2016-09-14,74.95,75.89,74.45,74.93,74.93,499323,0.0,1.0
2016-09-13,75.73,76.15,73.93,74.56,74.56,467100,0.0,1.0
2016-09-12,75.22,76.18,74.4,75.94,75.94,592706,0.0,1.0
2016-09-09,76.49,78.18,75.43,75.53,75.53,654790,0.0,1.0
2016-09-08,78.1,78.4,76.82,76.9,76.9,603548,0.0,1.0
2016-09-07,80.0,80.675,78.221,78.49,78.49,606052,0.0,1.0
2016-09-06,79.41,79.9899,79.14,79.95,79.95,646535,0.0,1.0
2016-09-02,78.54,79.6,78.15,79.36,79.36,370314,0.0,1.0
2016-09-01,76.83,78.2,76.41,78.19,78.19,644903,0.0,1.0
2016-08-31,77.25,77.67,76.42,76.95,76.95,514275,0.0,1.0
2016-08-30,77.66,78.03,76.9636,77.64,77.64,417439,0.0,1.0
2016-08-29,77.65,78.3,77.35,77.5,77.5,315799,0.0,1.0
2016-08-26,76.77,77.757,76.35,77.2,77.2,383235,0.0,1.0
2016-08-25,75.69,76.626,75.5,76.5,76.5,267900,0.0,1.0
2016-08-24,76.2,76.99,75.3,75.74,75.74,274035,0.0,1.0
2016-08-23,75.65,76.98,75.46,76.49,76.49,347843,0.0,1.0
2016-08-22,76.0,76.28,75.0,75.22,75.22,388363,0.0,1.0
2016-08-19,75.96,77.46,74.72,76.15,76.15,492283,0.0,1.0
2016-08-18,74.89,76.36,74.515,76.04,76.04,445062,0.0,1.0
2016-08-17,75.84,75.94,74.12,74.7,74.7,362856,0.0,1.0
2016-08-16,75.63,76.6,74.88,75.68,75.68,437883,0.0,1.0
2016-08-15,75.18,77.16,75.14,76.1,76.1,453495,0.0,1.0
2016-08-12,75.02,75.38,74.32,74.88,74.88,200799,0.0,1.0
2016-08-11,74.63,75.62,74.24,75.1,75.1,336273,0.0,1.0
2016-08-10,75.04,75.44,73.44,74.45,74.45,295302,0.0,1.0
2016-08-09,74.08,75.7,73.845,75.37,75.37,469774,0.0,1.0
2016-08-08,74.94,75.39,73.76,73.81,73.81,378008,0.0,1.0
2016-08-05,74.37,75.23,74.23,74.89,74.89,451811,0.0,1.0
2016-08-04,75.5,75.94,73.87,74.24,74.24,460892,0.0,1.0
2016-08-03,74.33,75.61,74.33,75.48,75.48,450557,0.0,1.0
2016-08-02,75.58,76.3,73.55,74.67,74.67,821976,0.0,1.0
2016-08-01,76.05,76.83,74.95,75.3,75.3,577731,0.0,1.0
2016-07-29,76.3,76.69,74.21,75.87,75.87,750253,0.0,1.0
2016-07-28,74.98,76.69,74.21,76.47,76.47,700793,0.0,1.0
2016-07-27,74.12,75.28,74.02,74.54,74.54,560712,0.0,1.0
2016-07-26,73.08,75.45,73.08,74.29,74.29,863740,0.0,1.0
2016-07-25,71.76,74.0,70.62,73.31,73.31,1264929,0.0,1.0
2016-07-22,72.19,73.4,67.5,72.15,72.15,3224761,0.0,1.0
2016-07-21,68.03,68.26,64.6205,65.27,65.27,1195057,0.0,1.0
2016-07-20,66.77,68.61,66.335,68.24,68.24,645612,0.0,1.0
2016-07-19,67.33,67.59,65.96,66.27,66.27,679237,0.0,1.0
2016-07-18,66.51,67.42,66.41,67.0,67.0,347184,0.0,1.0
2016-07-15,66.73,66.95,65.99,66.56,66.56,375266,0.0,1.0
2016-07-14,67.88,67.88,66.15,66.42,66.42,467605,0.0,1.0
2016-07-13,68.33,68.6,67.09,67.37,67.37,650956,0.0,1.0
2016-07-12,68.79,68.79,66.82,67.68,67.68,1017883,0.0,1.0
2016-07-11,68.8,69.7,67.51,69.08,69.08,1107846,0.0,1.0
2016-07-08,65.46,68.23,65.14,68.03,68.03,893789,0.0,1.0
2016-07-07,64.48,65.08,64.08,64.66,64.66,438723,0.0,1.0
2016-07-06,63.3,64.93,63.0108,64.13,64.13,444136,0.0,1.0
2016-07-05,63.48,64.7,63.08,64.03,64.03,339077,0.0,1.0
2016-07-01,63.02,64.45,63.02,63.83,63.83,595996,0.0,1.0
2016-06-30,61.98,63.1,61.21,63.09,63.09,595939,0.0,1.0
2016-06-29,62.54,62.54,58.855,61.67,61.67,640728,0.0,1.0
2016-06-28,58.66,59.66,57.86,58.64,58.64,488496,0.0,1.0
2016-06-27,58.92,59.58,57.13,57.76,57.76,755994,0.0,1.0
2016-06-24,60.0,61.93,59.28,59.59,59.59,775428,0.0,1.0
2016-06-23,61.84,63.87,61.6065,63.84,63.84,447530,0.0,1.0
2016-06-22,63.36,64.24,60.96,61.29,61.29,646519,0.0,1.0
2016-06-21,62.96,64.64,62.27,63.63,63.63,947671,0.0,1.0
2016-06-20,62.0,62.6,61.36,61.99,61.99,340720,0.0,1.0
2016-06-17,61.91,62.03,60.66,61.18,61.18,444711,0.0,1.0
2016-06-16,61.91,62.12,60.74,61.7,61.7,547172,0.0,1.0
2016-06-15,63.03,63.89,62.24,62.35,62.35,553197,0.0,1.0
2016-06-14,62.93,63.52,62.62,63.41,63.41,379910,0.0,1.0
2016-06-13,61.83,63.56,61.34,63.11,63.11,708564,0.0,1.0
2016-06-10,62.35,62.865,61.56,61.94,61.94,455051,0.0,1.0
2016-06-09,64.12,64.61,62.95,63.17,63.17,557779,0.0,1.0
2016-06-08,63.96,65.19,62.66,64.4,64.4,976174,0.0,1.0
2016-06-07,63.4,63.91,62.83,63.53,63.53,748051,0.0,1.0
2016-06-06,62.88,63.55,62.71,63.4,63.4,827565,0.0,1.0
2016-06-03,61.36,62.96,61.02,62.6,62.6,625319,0.0,1.0
2016-06-02,59.45,62.24,59.2764,61.86,61.86,877602,0.0,1.0
2016-06-01,59.25,60.62,58.76,59.98,59.98,780767,0.0,1.0
2016-05-31,57.22,58.74,57.05,58.62,58.62,694738,0.0,1.0
2016-05-27,55.05,56.91,54.7,56.84,56.84,1228545,0.0,1.0
2016-05-26,57.66,57.66,56.67,57.34,57.34,438019,0.0,1.0
2016-05-25,57.22,57.6,56.51,57.35,57.35,438976,0.0,1.0
2016-05-24,55.0,56.99,54.13,56.78,56.78,455408,0.0,1.0
2016-05-23,55.17,55.17,54.32,54.49,54.49,451027,0.0,1.0
2016-05-20,54.22,55.05,52.8771,55.03,55.03,340044,0.0,1.0
2016-05-19,53.29,54.59,52.995,53.98,53.98,419505,0.0,1.0
2016-05-18,52.43,54.059,52.0475,53.54,53.54,371677,0.0,1.0
2016-05-17,53.79,54.08,52.4,52.77,52.77,404628,0.0,1.0
2016-05-16,53.54,54.22,52.825,53.82,53.82,479197,0.0,1.0
2016-05-13,52.93,53.96,52.575,53.59,53.59,393672,0.0,1.0
2016-05-12,55.99,56.42,52.7,53.35,53.35,1104935,0.0,1.0
2016-05-11,55.6,56.95,55.42,55.86,55.86,389107,0.0,1.0
2016-05-10,55.1,55.91,54.1,55.85,55.85,375267,0.0,1.0
2016-05-09,54.72,55.67,54.265,54.96,54.96,322186,0.0,1.0
2016-05-06,55.03,55.54,52.45,54.54,54.54,1175043,0.0,1.0
2016-05-05,56.87,57.46,55.21,56.05,56.05,421725,0.0,1.0
2016-05-04,57.1,58.065,55.74,56.53,56.53,513382,0.0,1.0
2016-05-03,58.04,59.46,57.52,57.76,57.76,778403,0.0,1.0
2016-05-02,58.21,59.175,57.09,59.06,59.06,1267671,0.0,1.0
2016-04-29,57.05,58.52,56.11,58.26,58.26,781487,0.0,1.0
2016-04-28,57.94,58.93,56.86,57.04,57.04,414347,0.0,1.0
2016-04-27,58.07,58.79,57.52,58.21,58.21,597493,0.0,1.0
2016-04-26,57.23,58.19,56.74,57.69,57.69,607263,0.0,1.0
2016-04-25,56.75,59.52,55.415,57.21,57.21,946158,0.0,1.0
2016-04-22,56.89,57.83,54.47,56.78,56.78,2506054,0.0,1.0
2016-04-21,53.74,54.46,53.3295,53.69,53.69,1121778,0.0,1.0
2016-04-20,52.98,53.96,52.46,53.33,53.33,694371,0.0,1.0
2016-04-19,54.09,54.135,52.03,53.36,53.36,786927,0.0,1.0
2016-04-18,51.68,54.43,51.68,53.69,53.69,688517,0.0,1.0
2016-04-15,51.17,52.01,50.91,51.93,51.93,506698,0.0,1.0
2016-04-14,50.56,51.99,50.12,51.52,51.52,522711,0.0,1.0
2016-04-13,48.39,50.82,48.32,50.62,50.62,651331,0.0,1.0
2016-04-12,49.54,49.685,46.575,48.09,48.09,1529329,0.0,1.0
2016-04-11,51.26,51.855,49.71,49.87,49.87,653132,0.0,1.0
2016-04-08,52.03,52.03,50.8,50.93,50.93,393419,0.0,1.0
2016-04-07,52.22,53.04,51.3475,51.49,51.49,884875,0.0,1.0
2016-04-06,52.16,52.97,51.49,52.88,52.88,536109,0.0,1.0
2016-04-05,53.11,53.29,51.82,51.99,51.99,491024,0.0,1.0
2016-04-04,54.04,54.48,53.24,53.64,53.64,526408,0.0,1.0
2016-04-01,53.37,54.21,52.27,54.11,54.11,483351,0.0,1.0
2016-03-31,52.65,54.26,52.24,53.78,53.78,1481906,0.0,1.0
2016-03-30,52.77,53.3,51.97,52.78,52.78,487827,0.0,1.0
2016-03-29,51.03,52.68,50.59,52.59,52.59,556037,0.0,1.0
2016-03-28,51.09,51.64,49.61,51.29,51.29,596197,0.0,1.0
2016-03-24,51.33,51.33,50.19,51.24,51.24,561488,0.0,1.0
2016-03-23,52.82,52.82,51.12,51.55,51.55,562022,0.0,1.0
2016-03-22,52.47,53.36,52.25,52.92,52.92,607673,0.0,1.0
2016-03-21,52.99,53.75,52.41,52.76,52.76,449307,0.0,1.0
2016-03-18,52.45,53.29,52.01,53.1,53.1,736422,0.0,1.0
2016-03-17,52.16,52.99,51.3,52.22,52.22,465849,0.0,1.0
2016-03-16,50.71,52.49,50.67,52.31,52.31,481709,0.0,1.0
2016-03-15,52.43,52.6,50.58,50.94,50.94,483724,0.0,1.0
2016-03-14,52.64,53.01,52.12,52.64,52.64,396719,0.0,1.0
2016-03-11,51.0,53.0,50.68,52.68,52.68,471217,0.0,1.0
2016-03-10,51.15,51.61,49.2,50.46,50.46,773034,0.0,1.0
2016-03-09,49.95,51.11,49.51,50.97,50.97,581644,0.0,1.0
2016-03-08,49.62,50.96,49.15,49.55,49.55,651137,0.0,1.0
2016-03-07,50.19,51.39,48.229,50.17,50.17,619222,0.0,1.0
2016-03-04,50.2,51.05,48.81,50.66,50.66,838348,0.0,1.0
2016-03-03,48.91,49.82,47.89,49.74,49.74,1141951,0.0,1.0
2016-03-02,49.85,50.28,48.19,49.04,49.04,822673,0.0,1.0
2016-03-01,47.33,50.68,46.79,49.96,49.96,1138293,0.0,1.0
2016-02-29,48.16,48.68,46.37,46.84,46.84,640932,0.0,1.0
2016-02-26,47.6,49.17,47.37,48.08,48.08,1098975,0.0,1.0
2016-02-25,45.4,47.47,44.5,47.31,47.31,1169334,0.0,1.0
2016-02-24,44.14,44.97,42.63,44.74,44.74,767641,0.0,1.0
2016-02-23,45.4,45.94,44.2,44.77,44.77,786244,0.0,1.0
2016-02-22,44.38,46.11,44.38,45.87,45.87,1018608,0.0,1.0
2016-02-19,41.21,44.28,41.02,44.16,44.16,852727,0.0,1.0
2016-02-18,43.03,43.03,41.07,41.22,41.22,1012235,0.0,1.0
2016-02-17,42.29,43.32,41.95,43.08,43.08,973673,0.0,1.0
2016-02-16,40.38,42.66,40.0,42.01,42.01,887380,0.0,1.0
2016-02-12,40.7,40.99,38.57,40.0,40.0,909456,0.0,1.0
2016-02-11,38.45,40.76,37.91,40.08,40.08,1362892,0.0,1.0
2016-02-10,37.4,40.45,37.4,39.45,39.45,1689210,0.0,1.0
2016-02-09,35.82,38.6,35.77,37.35,37.35,2054842,0.0,1.0
2016-02-08,39.96,40.28,35.555,36.6,36.6,2687719,0.0,1.0
2016-02-05,46.13,46.13,40.29,40.78,40.78,3276615,0.0,1.0
2016-02-04,46.78,47.11,45.82,46.6,46.6,1153354,0.0,1.0
2016-02-03,47.92,48.18,45.24,47.14,47.14,1131035,0.0,1.0
2016-02-02,49.22,50.182,46.59,47.67,47.67,1884480,0.0,1.0
2016-02-01,50.31,50.42,47.11,49.61,49.61,2243516,0.0,1.0
2016-01-29,56.26,56.8,47.66,50.36,50.36,3837442,0.0,1.0
2016-01-28,54.97,55.03,52.77,53.83,53.83,1400387,0.0,1.0
2016-01-27,58.0,58.07,55.0,55.05,55.05,749168,0.0,1.0
2016-01-26,56.97,59.4,55.595,58.69,58.69,558204,0.0,1.0
2016-01-25,59.18,59.31,56.64,56.91,56.91,344711,0.0,1.0
2016-01-22,58.21,60.33,57.45,59.36,59.36,498680,0.0,1.0
2016-01-21,56.87,58.98,55.84,57.32,57.32,603579,0.0,1.0
2016-01-20,55.54,56.91,52.22,55.97,55.97,872464,0.0,1.0
2016-01-19,57.48,58.015,55.26,56.3,56.3,478386,0.0,1.0
2016-01-15,57.58,57.84,55.85,57.0,57.0,565311,0.0,1.0
2016-01-14,59.46,60.5,56.6,59.45,59.45,931284,0.0,1.0
2016-01-13,60.25,61.9889,58.27,59.45,59.45,906285,0.0,1.0
2016-01-12,59.48,59.91,57.66,58.79,58.79,569628,0.0,1.0
2016-01-11,58.61,59.41,57.5,58.77,58.77,605823,0.0,1.0
2016-01-08,59.82,60.48,58.29,58.4,58.4,675109,0.0,1.0
2016-01-07,57.21,60.95,56.86,59.84,59.84,759573,0.0,1.0
2016-01-06,62.54,63.01,60.69,61.67,61.67,420712,0.0,1.0
2016-01-05,63.41,63.86,63.03,63.42,63.42,248181,0.0,1.0
2016-01-04,63.98,65.28,62.76,63.4,63.4,384504,0.0,1.0
2015-12-31,65.77,66.16,64.86,65.01,65.01,257810,0.0,1.0
2015-12-30,67.81,68.16,66.1,66.12,66.12,227969,0.0,1.0
2015-12-29,66.82,68.03,66.03,67.74,67.74,360867,0.0,1.0
2015-12-28,65.08,66.66,64.445,66.49,66.49,319733,0.0,1.0
2015-12-24,65.5,66.51,65.0601,65.51,65.51,137884,0.0,1.0
2015-12-23,66.39,66.44,65.24,65.68,65.68,315378,0.0,1.0
2015-12-22,65.91,66.08,64.93,66.01,66.01,387602,0.0,1.0
2015-12-21,65.55,66.06,65.12,65.82,65.82,439936,0.0,1.0
2015-12-18,66.12,66.47,64.9,65.0,65.0,705555,0.0,1.0
2015-12-17,65.9,66.75,65.125,66.51,66.51,444019,0.0,1.0
2015-12-16,65.08,66.01,63.82,65.83,65.83,396613,0.0,1.0
2015-12-15,64.69,65.72,63.01,64.8,64.8,747537,0.0,1.0
2015-12-14,65.65,66.98,63.74,64.16,64.16,581763,0.0,1.0
2015-12-11,64.83,67.01,64.83,65.79,65.79,465284,0.0,1.0
2015-12-10,67.71,68.515,65.63,65.73,65.73,572599,0.0,1.0
2015-12-09,70.04,70.4,67.72,67.84,67.84,458452,0.0,1.0
2015-12-08,67.16,71.19,66.81,70.14,70.14,749876,0.0,1.0
2015-12-07,70.36,70.84,67.34,68.21,68.21,1369809,0.0,1.0
2015-12-04,70.06,72.18,70.055,70.99,70.99,942623,0.0,1.0
2015-12-03,73.42,73.59,62.4714,69.78,69.78,4848058,0.0,1.0
2015-12-02,74.06,74.88,72.8,72.92,72.92,515699,0.0,1.0
2015-12-01,73.59,74.4,72.74,74.31,74.31,617934,0.0,1.0
2015-11-30,74.45,74.56,72.57,73.31,73.31,454427,0.0,1.0
2015-11-27,74.06,74.51,73.24,74.41,74.41,203812,0.0,1.0
2015-11-25,74.87,75.0,74.01,74.14,74.14,410179,0.0,1.0
2015-11-24,72.7,74.87,72.17,74.59,74.59,367629,0.0,1.0
2015-11-23,73.72,73.9107,72.62,72.96,72.96,289818,0.0,1.0
2015-11-20,75.0,75.0,72.81,73.24,73.24,443368,0.0,1.0
2015-11-19,74.32,75.46,74.06,74.62,74.62,456695,0.0,1.0
2015-11-18,73.01,74.58,72.06,74.24,74.24,609203,0.0,1.0
2015-11-17,71.51,73.2,70.46,73.09,73.09,491570,0.0,1.0
2015-11-16,70.66,71.36,69.38,71.21,71.21,358342,0.0,1.0
2015-11-13,71.51,72.37,70.73,71.12,71.12,496071,0.0,1.0
2015-11-12,71.62,73.7,71.265,72.01,72.01,596050,0.0,1.0
2015-11-11,71.97,72.77,71.27,72.08,72.08,402104,0.0,1.0
2015-11-10,72.7,72.7,71.21,72.11,72.11,555389,0.0,1.0
2015-11-09,71.32,72.56,70.2501,72.41,72.41,537037,0.0,1.0
2015-11-06,70.24,72.39,69.62,71.87,71.87,793747,0.0,1.0
2015-11-05,70.85,71.2,68.15,70.62,70.62,1019255,0.0,1.0
2015-11-04,71.21,72.98,70.9,71.56,71.56,491209,0.0,1.0
2015-11-03,70.45,71.95,70.04,70.83,70.83,394059,0.0,1.0
2015-11-02,70.09,71.17,69.53,70.82,70.82,481497,0.0,1.0
2015-10-30,68.57,71.44,68.124,70.44,70.44,887712,0.0,1.0
2015-10-29,68.0,69.91,67.0,68.06,68.06,1141542,0.0,1.0
2015-10-28,64.4,68.66,63.69,68.64,68.64,711439,0.0,1.0
2015-10-27,63.0,64.58,63.0,64.44,64.44,846840,0.0,1.0
2015-10-26,63.1,65.06,62.094,63.41,63.41,724558,0.0,1.0
2015-10-23,62.95,63.85,61.51,63.04,63.04,1009623,0.0,1.0
2015-10-22,64.9,65.6299,60.11,62.21,62.21,2055146,0.0,1.0
2015-10-21,58.32,58.32,55.19,55.41,55.41,754486,0.0,1.0
2015-10-20,58.62,58.6226,56.3,57.72,57.72,692059,0.0,1.0
2015-10-19,58.53,59.94,57.56,58.76,58.76,355258,0.0,1.0
2015-10-16,59.37,59.91,58.535,59.52,59.52,314885,0.0,1.0
2015-10-15,56.1,59.3,55.9,59.13,59.13,702605,0.0,1.0
2015-10-14,57.95,58.4188,54.865,55.75,55.75,1078375,0.0,1.0
2015-10-13,59.63,59.63,57.558,57.9,57.9,932948,0.0,1.0
2015-10-12,60.16,61.27,59.75,59.99,59.99,335966,0.0,1.0
2015-10-09,60.55,61.56,59.5,60.65,60.65,538109,0.0,1.0
2015-10-08,62.84,62.84,59.62,60.31,60.31,575266,0.0,1.0
2015-10-07,62.35,63.12,60.82,63.1,63.1,346598,0.0,1.0
2015-10-06,62.89,62.89,60.771,61.75,61.75,718370,0.0,1.0
2015-10-05,62.69,63.18,60.98,63.14,63.14,385858,0.0,1.0
2015-10-02,61.21,61.85,58.66,61.83,61.83,495245,0.0,1.0
2015-10-01,61.0,61.11,59.29,60.77,60.77,471299,0.0,1.0
2015-09-30,58.24,60.46,57.525,60.32,60.32,774671,0.0,1.0
2015-09-29,58.61,59.665,56.98,57.77,57.77,679502,0.0,1.0
2015-09-28,60.74,61.32,57.93,58.27,58.27,543736,0.0,1.0
2015-09-25,63.16,63.62,60.62,61.11,61.11,534269,0.0,1.0
2015-09-24,63.15,63.91,61.16,62.12,62.12,559440,0.0,1.0
2015-09-23,62.62,64.646,62.48,63.87,63.87,656865,0.0,1.0
2015-09-22,63.39,63.39,61.3612,62.65,62.65,479307,0.0,1.0
2015-09-21,62.61,65.05,61.8,63.63,63.63,670299,0.0,1.0
2015-09-18,61.28,63.54,60.96,61.83,61.83,1187930,0.0,1.0
2015-09-17,60.18,62.69,59.1,62.39,62.39,739352,0.0,1.0
2015-09-16,59.78,60.64,58.905,60.04,60.04,396171,0.0,1.0
2015-09-15,58.73,59.94,58.17,59.63,59.63,253145,0.0,1.0
2015-09-14,59.21,59.21,58.0,58.84,58.84,347190,0.0,1.0
2015-09-11,58.12,59.73,57.43,59.19,59.19,714734,0.0,1.0
2015-09-10,57.43,58.375,56.86,58.08,58.08,527443,0.0,1.0
2015-09-09,58.03,58.73,56.47,56.58,56.58,316187,0.0,1.0
2015-09-08,57.52,57.87,56.2,57.68,57.68,510752,0.0,1.0
2015-09-04,56.06,57.2382,55.5601,56.35,56.35,265189,0.0,1.0
2015-09-03,57.0,58.45,56.62,57.01,57.01,399185,0.0,1.0
2015-09-02,56.5,56.75,54.81,56.67,56.67,486408,0.0,1.0
2015-09-01,54.87,56.26,54.87,55.5,55.5,581612,0.0,1.0
2015-08-31,56.25,56.884,55.66,56.34,56.34,483871,0.0,1.0
2015-08-28,56.58,57.19,55.24,56.71,56.71,495366,0.0,1.0
2015-08-27,57.45,57.65,56.07,57.04,57.04,431279,0.0,1.0
2015-08-26,56.87,57.09,54.105,56.61,56.61,484682,0.0,1.0
2015-08-25,55.45,57.715,55.45,55.77,55.77,806484,0.0,1.0
2015-08-24,52.56,57.354,50.82,54.64,54.64,886388,0.0,1.0
2015-08-21,56.81,57.99,55.55,56.26,56.26,682211,0.0,1.0
2015-08-20,60.97,61.23,58.0,58.04,58.04,543353,0.0,1.0
2015-08-19,62.74,63.16,61.72,61.76,61.76,325063,0.0,1.0
2015-08-18,65.3,65.59,62.34,62.86,62.86,364991,0.0,1.0
2015-08-17,62.89,64.98,62.4,64.9,64.9,247968,0.0,1.0
2015-08-14,62.6,64.23,62.06,63.35,63.35,288334,0.0,1.0
2015-08-13,63.65,64.28,62.58,62.81,62.81,310670,0.0,1.0
2015-08-12,63.52,63.99,61.17,63.83,63.83,386481,0.0,1.0
2015-08-11,65.07,66.37,63.5,64.51,64.51,230630,0.0,1.0
2015-08-10,64.89,66.54,64.43,65.78,65.78,378033,0.0,1.0
2015-08-07,63.94,64.918,62.836,64.54,64.54,575199,0.0,1.0
2015-08-06,67.03,67.39,62.54,64.07,64.07,639948,0.0,1.0
2015-08-05,64.67,66.8,64.35,66.78,66.78,826074,0.0,1.0
2015-08-04,64.0,64.82,63.5,64.31,64.31,614781,0.0,1.0
2015-08-03,64.59,64.8,62.8,63.94,63.94,399530,0.0,1.0
2015-07-31,64.04,65.173,64.04,64.7,64.7,694805,0.0,1.0
2015-07-30,65.63,65.915,64.16,64.21,64.21,720120,0.0,1.0
2015-07-29,65.9,66.33,64.19,65.86,65.86,742983,0.0,1.0
2015-07-28,66.2,66.45,64.54,66.4,66.4,456759,0.0,1.0
2015-07-27,68.93,68.93,65.48,65.76,65.76,664322,0.0,1.0
2015-07-24,71.07,72.7,67.815,69.25,69.25,1153654,0.0,1.0
2015-07-23,67.26,69.42,67.0,67.54,67.54,871227,0.0,1.0
2015-07-22,66.95,67.26,65.78,66.86,66.86,356546,0.0,1.0
2015-07-21,66.63,67.25,65.52,66.68,66.68,310105,0.0,1.0
2015-07-20,67.0,67.67,66.3,66.7,66.7,316446,0.0,1.0
2015-07-17,67.79,68.1599,66.22,66.89,66.89,384483,0.0,1.0
2015-07-16,67.2,68.37,66.3932,67.6,67.6,602970,0.0,1.0
2015-07-15,66.59,67.74,66.09,66.66,66.66,591563,0.0,1.0
2015-07-14,65.36,66.94,65.16,66.47,66.47,427184,0.0,1.0
2015-07-13,65.12,65.87,64.14,64.94,64.94,291488,0.0,1.0
2015-07-10,65.41,65.97,63.64,64.71,64.71,527992,0.0,1.0
2015-07-09,63.69,65.09,62.23,64.53,64.53,447056,0.0,1.0
2015-07-08,61.69,63.44,61.27,62.67,62.67,432037,0.0,1.0
2015-07-07,63.47,63.47,60.67,62.27,62.27,746237,0.0,1.0
2015-07-06,63.07,64.34,62.52,63.37,63.37,329511,0.0,1.0
2015-07-02,64.22,64.395,62.21,63.62,63.62,338434,0.0,1.0
2015-07-01,64.14,65.14,63.81,64.37,64.37,532251,0.0,1.0
2015-06-30,63.13,64.3,62.5848,63.67,63.67,584190,0.0,1.0
2015-06-29,63.38,64.65,62.3,62.36,62.36,642142,0.0,1.0
2015-06-26,65.44,65.44,63.85,65.04,65.04,970113,0.0,1.0
2015-06-25,65.94,66.55,64.76,65.11,65.11,717766,0.0,1.0
2015-06-24,67.85,67.866,64.36,65.0,65.0,594132,0.0,1.0
2015-06-23,66.92,67.0,65.73,66.95,66.95,430256,0.0,1.0
2015-06-22,66.84,67.5,65.98,66.63,66.63,713638,0.0,1.0
2015-06-19,66.86,67.32,65.83,66.49,66.49,832023,0.0,1.0
2015-06-18,64.95,67.66,64.03,66.66,66.66,1090820,0.0,1.0
2015-06-17,63.73,64.85,63.52,64.39,64.39,800952,0.0,1.0
2015-06-16,63.01,64.44,62.44,63.67,63.67,836346,0.0,1.0
2015-06-15,60.06,63.6399,59.33,63.09,63.09,1030626,0.0,1.0
2015-06-12,61.0,61.63,60.02,60.56,60.56,1376069,0.0,1.0
2015-06-11,60.07,60.5,58.78,60.17,60.17,1146092,0.0,1.0
2015-06-10,61.0,61.69,59.76,61.16,61.16,664532,0.0,1.0
2015-06-09,61.22,61.77,58.655,61.02,61.02,604244,0.0,1.0
2015-06-08,63.48,64.0,60.3,60.45,60.45,554937,0.0,1.0
2015-06-05,59.84,62.66,59.54,62.47,62.47,899304,0.0,1.0
2015-06-04,60.47,61.19,58.45,58.85,58.85,468099,0.0,1.0
2015-06-03,59.22,60.67,58.804,60.6,60.6,497715,0.0,1.0
2015-06-02,59.12,59.49,58.15,58.91,58.91,341397,0.0,1.0
2015-06-01,59.68,59.68,57.83,58.82,58.82,331706,0.0,1.0
2015-05-29,59.88,60.17,58.8,59.13,59.13,571641,0.0,1.0
2015-05-28,58.18,60.265,57.73,59.74,59.74,501911,0.0,1.0
2015-05-27,57.46,58.82,56.51,58.35,58.35,448854,0.0,1.0
2015-05-26,57.94,57.94,56.54,56.95,56.95,344474,0.0,1.0
2015-05-22,57.47,58.71,57.05,58.03,58.03,284002,0.0,1.0
2015-05-21,57.8,58.21,57.095,57.7,57.7,351587,0.0,1.0
2015-05-20,57.0,58.51,56.15,58.01,58.01,474556,0.0,1.0
2015-05-19,57.98,58.5,56.47,56.59,56.59,532749,0.0,1.0
2015-05-18,54.37,56.49,53.95,56.1,56.1,266306,0.0,1.0
2015-05-15,55.5,55.5,54.58,54.72,54.72,305926,0.0,1.0
2015-05-14,54.46,55.64,53.75,55.5,55.5,437053,0.0,1.0
2015-05-13,54.33,54.75,53.5,53.99,53.99,388233,0.0,1.0
2015-05-12,54.18,54.83,53.5,53.95,53.95,395038,0.0,1.0
2015-05-11,53.92,55.41,53.705,54.21,54.21,356302,0.0,1.0
2015-05-08,53.42,54.59,52.85,53.75,53.75,396520,0.0,1.0
2015-05-07,52.09,53.42,51.77,52.71,52.71,450660,0.0,1.0
2015-05-06,52.48,52.48,50.53,52.02,52.02,558466,0.0,1.0
2015-05-05,53.92,54.33,51.56,52.24,52.24,1135701,0.0,1.0
2015-05-04,54.32,54.88,53.86,54.57,54.57,526016,0.0,1.0
2015-05-01,54.6,55.7,53.635,53.97,53.97,686938,0.0,1.0
2015-04-30,55.85,56.31,53.6,53.98,53.98,432920,0.0,1.0
2015-04-29,55.61,56.79,55.071,56.11,56.11,433800,0.0,1.0
2015-04-28,54.04,56.25,53.74,55.84,55.84,745033,0.0,1.0
2015-04-27,54.61,55.95,53.45,53.74,53.74,951063,0.0,1.0
2015-04-24,56.94,57.1,54.16,54.33,54.33,884726,0.0,1.0
2015-04-23,58.93,58.993,56.73,56.93,56.93,664376,0.0,1.0
2015-04-22,58.02,59.43,53.0,58.45,58.45,3179306,0.0,1.0
2015-04-21,58.93,60.23,58.25,58.9,58.9,1179687,0.0,1.0
2015-04-20,57.86,58.65,57.24,57.63,57.63,532202,0.0,1.0
2015-04-17,58.84,58.91,56.5,56.99,56.99,472709,0.0,1.0
2015-04-16,59.69,60.6,59.13,59.45,59.45,419833,0.0,1.0
2015-04-15,58.5,59.85,58.06,59.72,59.72,537966,0.0,1.0
2015-04-14,58.32,58.7,56.96,58.23,58.23,625255,0.0,1.0
2015-04-13,61.15,61.15,56.34,57.74,57.74,1269596,0.0,1.0
2015-04-10,60.14,61.88,59.76,61.84,61.84,506367,0.0,1.0
2015-04-09,60.03,61.4,59.71,60.01,60.01,599846,0.0,1.0
2015-04-08,59.15,61.5153,59.01,60.29,60.29,754467,0.0,1.0
2015-04-07,57.72,59.45,57.41,58.35,58.35,376876,0.0,1.0
2015-04-06,56.09,58.28,55.9701,57.49,57.49,403706,0.0,1.0
2015-04-02,57.6,58.34,55.78,56.33,56.33,445329,0.0,1.0
2015-04-01,59.12,59.72,57.06,57.73,57.73,503663,0.0,1.0
2015-03-31,59.28,60.72,58.93,59.22,59.22,670219,0.0,1.0
2015-03-30,58.65,59.91,58.65,59.72,59.72,459354,0.0,1.0
2015-03-27,57.02,58.57,56.6,58.42,58.42,403230,0.0,1.0
2015-03-26,54.14,57.33,53.3,57.21,57.21,558468,0.0,1.0
2015-03-25,57.43,57.44,54.33,54.61,54.61,668980,0.0,1.0
2015-03-24,58.49,58.53,56.63,56.92,56.92,472732,0.0,1.0
2015-03-23,58.96,59.07,57.67,58.49,58.49,374034,0.0,1.0
2015-03-20,60.33,60.33,58.44,59.17,59.17,588563,0.0,1.0
2015-03-19,58.46,60.01,58.05,59.91,59.91,338132,0.0,1.0
2015-03-18,58.01,59.31,57.04,58.6,58.6,491232,0.0,1.0
2015-03-17,58.01,58.52,57.3,58.33,58.33,450241,0.0,1.0
2015-03-16,56.92,58.47,56.47,57.98,57.98,428450,0.0,1.0
2015-03-13,56.38,56.9899,55.59,56.61,56.61,312732,0.0,1.0
2015-03-12,54.16,56.74,53.03,56.24,56.24,547844,0.0,1.0
2015-03-11,53.67,54.25,52.4,53.45,53.45,594351,0.0,1.0
2015-03-10,55.06,56.1,53.2,53.64,53.64,529469,0.0,1.0
2015-03-09,55.36,56.63,54.86,56.47,56.47,378168,0.0,1.0
2015-03-06,57.19,57.78,55.33,55.39,55.39,411659,0.0,1.0
2015-03-05,55.07,57.38,54.95,56.89,56.89,511562,0.0,1.0
2015-03-04,56.47,57.25,55.08,55.1,55.1,529580,0.0,1.0
2015-03-03,57.0,57.24,55.615,56.68,56.68,328359,0.0,1.0
2015-03-02,56.64,57.29,55.8,57.07,57.07,331415,0.0,1.0
2015-02-27,57.16,57.95,56.5,56.64,56.64,794226,0.0,1.0
2015-02-26,56.56,57.92,56.31,57.33,57.33,832253,0.0,1.0
2015-02-25,56.67,57.5415,55.61,56.48,56.48,570886,0.0,1.0
2015-02-24,57.02,57.02,55.88,56.55,56.55,383751,0.0,1.0
2015-02-23,57.26,57.26,55.64,56.62,56.62,543637,0.0,1.0
2015-02-20,57.2,58.4,56.9,57.24,57.24,558487,0.0,1.0
2015-02-19,54.96,57.43,54.96,57.23,57.23,390129,0.0,1.0
2015-02-18,55.27,55.63,53.54,55.445,55.445,325212,0.0,1.0
2015-02-17,55.88,56.47,55.01,55.5,55.5,339734,0.0,1.0
2015-02-13,55.89,56.39,54.865,55.97,55.97,348157,0.0,1.0
2015-02-12,55.75,56.17,54.41,55.59,55.59,332007,0.0,1.0
2015-02-11,53.54,55.65,53.47,54.98,54.98,746986,0.0,1.0
2015-02-10,52.64,53.88,52.16,53.53,53.53,501888,0.0,1.0
2015-02-09,52.74,53.25,51.87,52.09,52.09,253253,0.0,1.0
2015-02-06,53.41,54.37,52.4,53.11,53.11,355774,0.0,1.0
2015-02-05,51.57,53.72,51.395,53.61,53.61,585686,0.0,1.0
2015-02-04,50.0,51.45,49.68,51.25,51.25,565210,0.0,1.0
2015-02-03,50.77,51.0525,50.07,50.41,50.41,472331,0.0,1.0
2015-02-02,50.04,50.95,48.99,50.82,50.82,708531,0.0,1.0
2015-01-30,52.64,52.83,49.65,50.0,50.0,1583517,0.0,1.0
2015-01-29,49.6,50.71,48.65,50.12,50.12,896100,0.0,1.0
2015-01-28,50.7,51.76,49.135,49.61,49.61,541260,0.0,1.0
2015-01-27,51.35,52.18,50.44,50.49,50.49,391161,0.0,1.0
2015-01-26,51.78,52.39,50.29,52.37,52.37,805457,0.0,1.0
2015-01-23,50.31,52.79,49.59,51.57,51.57,585451,0.0,1.0
2015-01-22,49.44,50.2,48.86,50.19,50.19,723861,0.0,1.0
2015-01-21,49.37,50.0,47.88,49.0,49.0,358019,0.0,1.0
2015-01-20,48.57,49.63,47.63,49.42,49.42,328042,0.0,1.0
2015-01-16,46.38,48.76,45.71,48.66,48.66,409554,0.0,1.0
2015-01-15,48.74,48.94,45.37,46.53,46.53,449922,0.0,1.0
2015-01-14,49.57,50.0,48.39,48.67,48.67,526374,0.0,1.0
2015-01-13,51.27,51.5,49.52,50.21,50.21,673007,0.0,1.0
2015-01-12,49.76,50.8,49.375,50.29,50.29,495799,0.0,1.0
2015-01-09,49.96,50.6,49.38,49.79,49.79,259363,0.0,1.0
2015-01-08,48.16,50.09,47.82,49.71,49.71,363979,0.0,1.0
2015-01-07,47.62,48.0,47.13,47.68,47.68,366291,0.0,1.0
2015-01-06,48.02,48.59,46.31,47.14,47.14,380078,0.0,1.0
2015-01-05,47.35,48.83,47.149,47.82,47.82,397931,0.0,1.0
2015-01-02,48.63,48.99,46.83,47.46,47.46,299639,0.0,1.0
2014-12-31,48.74,49.1,48.1,48.23,48.23,239756,0.0,1.0
2014-12-30,48.97,49.74,47.9,48.6,48.6,160900,0.0,1.0
2014-12-29,49.72,50.21,48.64,49.21,49.21,262161,0.0,1.0
2014-12-26,49.83,50.01,49.15,49.73,49.73,150469,0.0,1.0
2014-12-24,49.88,50.34,49.31,49.59,49.59,169946,0.0,1.0
2014-12-23,50.36,50.39,49.1,49.72,49.72,244138,0.0,1.0
2014-12-22,50.05,50.7195,49.35,49.92,49.92,306804,0.0,1.0
2014-12-19,48.17,50.34,47.78,50.2,50.2,1010587,0.0,1.0
2014-12-18,47.73,49.07,47.47,48.17,48.17,429707,0.0,1.0
2014-12-17,45.35,47.38,45.24,46.91,46.91,328364,0.0,1.0
2014-12-16,45.7,46.52,45.08,45.35,45.35,322192,0.0,1.0
2014-12-15,46.74,48.28,45.56,45.99,45.99,376295,0.0,1.0
2014-12-12,46.56,47.475,45.77,45.82,45.82,452001,0.0,1.0
2014-12-11,47.56,48.59,47.18,47.39,47.39,503438,0.0,1.0
2014-12-10,47.78,48.41,46.99,47.2,47.2,574387,0.0,1.0
2014-12-09,46.16,47.91,44.5001,47.85,47.85,442298,0.0,1.0
2014-12-08,47.54,48.248,46.335,46.87,46.87,409685,0.0,1.0
2014-12-05,46.68,47.99,46.45,47.73,47.73,447229,0.0,1.0
2014-12-04,45.28,46.79,44.25,46.52,46.52,1106344,0.0,1.0
2014-12-03,44.68,46.15,44.16,45.24,45.24,413512,0.0,1.0
2014-12-02,42.1,45.05,41.61,44.75,44.75,385451,0.0,1.0
2014-12-01,43.32,43.51,42.0,42.05,42.05,247340,0.0,1.0
2014-11-28,44.32,45.4,43.27,43.42,43.42,178607,0.0,1.0
2014-11-26,42.5,44.51,42.0578,44.3,44.3,249933,0.0,1.0
2014-11-25,42.69,43.21,41.69,42.41,42.41,398343,0.0,1.0
2014-11-24,42.22,43.07,41.89,42.66,42.66,285357,0.0,1.0
2014-11-21,42.91,43.55,41.9,42.24,42.24,319102,0.0,1.0
2014-11-20,41.13,42.43,40.8,42.17,42.17,232892,0.0,1.0
2014-11-19,43.07,43.07,41.42,41.46,41.46,347091,0.0,1.0
2014-11-18,43.4,44.4,42.86,43.01,43.01,270813,0.0,1.0
2014-11-17,43.6,44.47,42.34,43.25,43.25,288016,0.0,1.0
2014-11-14,44.25,44.59,43.48,43.86,43.86,315941,0.0,1.0
2014-11-13,44.39,45.26,44.1,44.21,44.21,422408,0.0,1.0
2014-11-12,44.24,45.38,44.1,44.46,44.46,295432,0.0,1.0
2014-11-11,45.75,45.99,44.51,44.63,44.63,414683,0.0,1.0
2014-11-10,44.0,45.5,43.51,45.23,45.23,416439,0.0,1.0
2014-11-07,42.87,44.1,42.46,44.0,44.0,363494,0.0,1.0
2014-11-06,42.85,43.68,42.3,42.75,42.75,321704,0.0,1.0
2014-11-05,43.78,44.03,42.47,42.92,42.92,265151,0.0,1.0
2014-11-04,42.89,44.11,42.5,43.73,43.73,348426,0.0,1.0
2014-11-03,43.93,44.18,42.03,43.18,43.18,774018,0.0,1.0
2014-10-31,43.97,44.13,42.99,44.04,44.04,545714,0.0,1.0
2014-10-30,41.11,43.0,40.4,42.8,42.8,562344,0.0,1.0
2014-10-29,40.86,41.5,39.7284,41.19,41.19,388893,0.0,1.0
2014-10-28,39.28,41.06,38.6,40.98,40.98,533498,0.0,1.0
2014-10-27,38.86,39.56,38.01,38.99,38.99,523776,0.0,1.0
2014-10-24,38.84,39.92,37.12,39.37,39.37,1151398,0.0,1.0
2014-10-23,37.14,38.44,36.864,37.65,37.65,470781,0.0,1.0
2014-10-22,38.49,38.49,36.16,36.5,36.5,368411,0.0,1.0
2014-10-21,37.35,38.26,36.54,38.2,38.2,275575,0.0,1.0
2014-10-20,35.64,37.21,35.64,37.17,37.17,308841,0.0,1.0
2014-10-17,37.78,37.78,35.25,35.94,35.94,548435,0.0,1.0
2014-10-16,34.84,37.81,33.6062,37.04,37.04,548730,0.0,1.0
2014-10-15,32.99,36.57,30.07,35.78,35.78,583246,0.0,1.0
2014-10-14,33.85,35.58,33.45,33.63,33.63,611584,0.0,1.0
2014-10-13,34.47,35.24,33.155,33.44,33.44,432381,0.0,1.0
2014-10-10,36.42,36.95,34.31,34.34,34.34,544092,0.0,1.0
2014-10-09,38.39,38.84,36.6,36.7,36.7,392445,0.0,1.0
2014-10-08,37.69,38.81,36.62,38.53,38.53,295494,0.0,1.0
2014-10-07,38.98,38.98,37.01,37.78,37.78,431272,0.0,1.0
2014-10-06,39.51,39.97,38.31,39.53,39.53,514138,0.0,1.0
2014-10-03,37.93,39.73,37.7,39.49,39.49,343575,0.0,1.0
2014-10-02,36.08,38.02,35.61,37.46,37.46,399345,0.0,1.0
2014-10-01,37.14,37.41,35.05,35.99,35.99,723883,0.0,1.0
2014-09-30,38.12,38.12,37.05,37.14,37.14,455039,0.0,1.0
2014-09-29,37.41,38.5,37.21,38.08,38.08,254977,0.0,1.0
2014-09-26,37.36,38.12,36.864,38.03,38.03,244361,0.0,1.0
2014-09-25,38.85,38.85,36.9,37.16,37.16,306169,0.0,1.0
2014-09-24,36.43,38.9,36.43,38.9,38.9,390890,0.0,1.0
2014-09-23,38.36,38.36,36.42,36.43,36.43,385200,0.0,1.0
2014-09-22,38.34,38.795,37.44,38.45,38.45,407500,0.0,1.0
2014-09-19,38.71,38.82,37.89,38.68,38.68,1149100,0.0,1.0
2014-09-18,38.79,39.23,38.02,38.4,38.4,311000,0.0,1.0
2014-09-17,37.72,38.97,37.4692,38.35,38.35,341700,0.0,1.0
2014-09-16,38.0,38.2899,36.4,37.57,37.57,732300,0.0,1.0
2014-09-15,41.4,41.7,37.84,38.01,38.01,410200,0.0,1.0
2014-09-12,41.65,42.0,40.89,41.31,41.31,543600,0.0,1.0
2014-09-11,39.04,41.96,39.0,41.55,41.55,471000,0.0,1.0
2014-09-10,38.55,39.7,38.55,39.31,39.31,671300,0.0,1.0
2014-09-09,40.22,40.3676,39.32,39.63,39.63,310400,0.0,1.0
2014-09-08,39.0,40.9976,38.82,40.19,40.19,675700,0.0,1.0
2014-09-05,38.78,39.25,37.81,39.01,39.01,472200,0.0,1.0
2014-09-04,39.68,40.03,38.36,38.84,38.84,430400,0.0,1.0
2014-09-03,40.15,40.54,39.33,39.54,39.54,266400,0.0,1.0
2014-09-02,39.87,40.56,39.61,39.9,39.9,550600,0.0,1.0
2014-08-29,38.89,40.2,38.8,39.88,39.88,368000,0.0,1.0
2014-08-28,39.5,39.89,38.56,38.67,38.67,308900,0.0,1.0
2014-08-27,40.83,41.0,39.481,39.8,39.8,212900,0.0,1.0
2014-08-26,39.49,41.04,38.98,40.86,40.86,360800,0.0,1.0
2014-08-25,40.36,40.46,38.9355,39.34,39.34,255800,0.0,1.0
2014-08-22,40.01,40.95,39.76,39.97,39.97,502100,0.0,1.0
2014-08-21,39.97,40.23,38.95,40.16,40.16,260800,0.0,1.0
2014-08-20,39.45,40.13,39.14,39.92,39.92,367500,0.0,1.0
2014-08-19,39.72,39.9028,39.32,39.69,39.69,289700,0.0,1.0
2014-08-18,39.52,40.09,39.23,39.5,39.5,776500,0.0,1.0
2014-08-15,39.67,39.85,38.58,39.04,39.04,446100,0.0,1.0
2014-08-14,39.37,39.85,38.85,39.38,39.38,427100,0.0,1.0
2014-08-13,38.58,39.66,38.57,39.37,39.37,945300,0.0,1.0
2014-08-12,36.61,38.68,36.61,38.37,38.37,698000,0.0,1.0
2014-08-11,35.74,37.19,35.74,36.85,36.85,330400,0.0,1.0
2014-08-08,35.35,36.38,35.0,35.58,35.58,450600,0.0,1.0
2014-08-07,34.3,35.5,34.26,34.65,34.65,314100,0.0,1.0
2014-08-06,34.37,35.39,33.89,33.96,33.96,294700,0.0,1.0
2014-08-05,34.74,35.17,34.206,34.81,34.81,379500,0.0,1.0
2014-08-04,33.99,35.21,33.37,34.96,34.96,286600,0.0,1.0
2014-08-01,35.31,35.4995,33.57,33.89,33.89,366900,0.0,1.0
2014-07-31,36.65,36.75,35.21,35.27,35.27,454800,0.0,1.0
2014-07-30,37.04,37.46,36.59,37.08,37.08,424600,0.0,1.0
2014-07-29,35.99,36.79,35.35,36.7,36.7,424600,0.0,1.0
2014-07-28,37.05,37.31,35.49,35.95,35.95,622900,0.0,1.0
2014-07-25,37.86,38.5,35.6601,37.73,37.73,1126600,0.0,1.0
2014-07-24,35.25,37.22,35.18,36.65,36.65,777200,0.0,1.0
2014-07-23,35.65,35.79,34.95,35.21,35.21,347500,0.0,1.0
2014-07-22,34.57,35.76,34.43,35.61,35.61,397800,0.0,1.0
2014-07-21,33.7,34.67,33.56,34.19,34.19,222500,0.0,1.0
2014-07-18,33.33,34.19,33.0,33.97,33.97,298400,0.0,1.0
2014-07-17,34.04,34.59,33.14,33.38,33.38,307800,0.0,1.0
2014-07-16,34.27,34.69,33.82,34.32,34.32,351200,0.0,1.0
2014-07-15,34.04,34.33,32.76,33.26,33.26,259200,0.0,1.0
2014-07-14,34.35,34.67,33.545,34.03,34.03,295800,0.0,1.0
2014-07-11,33.83,34.16,33.39,33.9,33.9,255700,0.0,1.0
2014-07-10,32.3,34.1,32.03,33.6,33.6,447500,0.0,1.0
2014-07-09,34.25,34.98,33.17,33.27,33.27,428400,0.0,1.0
2014-07-08,33.59,34.46,32.92,33.86,33.86,509700,0.0,1.0
2014-07-07,36.46,36.46,34.54,34.65,34.65,454200,0.0,1.0
2014-07-03,36.95,36.96,36.1374,36.58,36.58,198700,0.0,1.0
2014-07-02,39.2,40.03,36.7,36.78,36.78,972400,0.0,1.0
2014-07-01,37.99,39.29,37.9,39.16,39.16,784700,0.0,1.0
2014-06-30,36.85,38.21,36.39,37.46,37.46,445900,0.0,1.0
2014-06-27,36.55,37.59,36.52,36.81,36.81,2257800,0.0,1.0
2014-06-26,37.55,37.58,36.4,36.7,36.7,381600,0.0,1.0
2014-06-25,36.31,37.63,35.695,37.52,37.52,612400,0.0,1.0
2014-06-24,37.62,38.12,36.43,36.51,36.51,719700,0.0,1.0
2014-06-23,37.73,38.38,37.51,37.79,37.79,308100,0.0,1.0
2014-06-20,37.63,37.88,36.91,37.63,37.63,628200,0.0,1.0
2014-06-19,37.65,37.75,37.05,37.61,37.61,336200,0.0,1.0
2014-06-18,37.09,37.76,36.4701,37.67,37.67,343900,0.0,1.0
2014-06-17,36.39,37.95,36.2,37.1,37.1,554000,0.0,1.0
2014-06-16,35.36,36.83,34.71,36.51,36.51,583500,0.0,1.0
2014-06-13,33.88,35.47,33.3,35.4,35.4,462600,0.0,1.0
2014-06-12,33.32,34.04,32.735,33.92,33.92,431900,0.0,1.0
2014-06-11,32.64,33.52,32.64,33.29,33.29,257200,0.0,1.0
2014-06-10,32.79,33.05,32.17,32.82,32.82,179300,0.0,1.0
2014-06-09,32.84,33.85,32.65,33.03,33.03,438400,0.0,1.0
2014-06-06,33.54,33.97,32.72,32.96,32.96,332900,0.0,1.0
2014-06-05,31.66,33.06,31.13,32.93,32.93,383100,0.0,1.0
2014-06-04,30.96,31.97,30.3801,31.64,31.64,261300,0.0,1.0
2014-06-03,31.07,31.49,30.844,31.15,31.15,423100,0.0,1.0
2014-06-02,33.12,33.23,31.4,31.58,31.58,334300,0.0,1.0
2014-05-30,33.43,33.5,31.34,31.92,31.92,971500,0.0,1.0
2014-05-29,32.81,33.57,32.68,33.5,33.5,609300,0.0,1.0
2014-05-28,32.6,33.03,32.37,32.68,32.68,377200,0.0,1.0
2014-05-27,32.0,32.73,31.44,32.66,32.66,355300,0.0,1.0
2014-05-23,31.77,31.82,30.8,31.75,31.75,332600,0.0,1.0
2014-05-22,30.96,31.89,30.62,31.71,31.71,288400,0.0,1.0
2014-05-21,30.9,31.94,30.62,30.97,30.97,624000,0.0,1.0
2014-05-20,30.22,31.679,29.81,30.57,30.57,1181700,0.0,1.0
2014-05-19,28.43,30.7,28.43,30.47,30.47,910400,0.0,1.0
2014-05-16,27.97,28.5,27.14,28.495,28.495,454500,0.0,1.0
2014-05-15,26.97,27.83,26.16,27.8,27.8,325500,0.0,1.0
2014-05-14,27.76,28.26,27.06,27.12,27.12,418300,0.0,1.0
2014-05-13,29.21,29.21,27.74,27.77,27.77,373000,0.0,1.0
2014-05-12,27.96,29.33,27.85,29.15,29.15,433800,0.0,1.0
2014-05-09,27.04,27.81,26.36,27.76,27.76,538100,0.0,1.0
2014-05-08,26.55,28.04,26.33,27.04,27.04,672600,0.0,1.0
2014-05-07,28.24,28.24,26.04,26.49,26.49,1157900,0.0,1.0
2014-05-06,28.58,29.22,28.211,28.4,28.4,589100,0.0,1.0
2014-05-05,28.5,29.02,28.0,28.9,28.9,499300,0.0,1.0
2014-05-02,28.93,29.4188,28.41,28.85,28.85,627500,0.0,1.0
2014-05-01,28.1,30.39,27.974,28.95,28.95,1637200,0.0,1.0
2014-04-30,25.48,25.64,24.5,25.44,25.44,1138300,0.0,1.0
2014-04-29,24.52,25.8,24.1,25.75,25.75,932600,0.0,1.0
2014-04-28,25.64,26.565,24.04,24.49,24.49,1070700,0.0,1.0
2014-04-25,27.62,27.905,25.3,25.4201,25.4201,892500,0.0,1.0
2014-04-24,30.45,30.852,27.5,27.89,27.89,1171400,0.0,1.0
2014-04-23,31.68,31.73,30.26,30.29,30.29,481800,0.0,1.0
2014-04-22,30.19,32.3,29.914,31.79,31.79,820600,0.0,1.0
2014-04-21,29.6,30.32,28.95,30.225,30.225,439000,0.0,1.0
2014-04-17,28.01,29.8,27.51,29.61,29.61,778100,0.0,1.0
2014-04-16,29.76,29.85,27.82,27.99,27.99,1364800,0.0,1.0
2014-04-15,29.35,29.79,28.01,29.33,29.33,923900,0.0,1.0
2014-04-14,31.89,31.9998,28.91,29.27,29.27,1107000,0.0,1.0
2014-04-11,31.91,33.05,31.07,31.67,31.67,669800,0.0,1.0
2014-04-10,35.69,35.69,31.75,32.33,32.33,904700,0.0,1.0
2014-04-09,34.15,36.06,33.8,35.91,35.91,394000,0.0,1.0
2014-04-08,33.79,34.6,33.36,33.97,33.97,438800,0.0,1.0
2014-04-07,36.34,36.45,33.01,33.55,33.55,943800,0.0,1.0
2014-04-04,37.18,37.6,35.56,36.69,36.69,765100,0.0,1.0
2014-04-03,37.41,37.56,35.93,36.53,36.53,425800,0.0,1.0
2014-04-02,37.71,37.95,36.51,37.48,37.48,306400,0.0,1.0
2014-04-01,37.23,37.98,36.63,37.69,37.69,326900,0.0,1.0
2014-03-31,36.01,37.529,35.65,37.08,37.08,557100,0.0,1.0
2014-03-28,36.35,36.58,35.5,35.8,35.8,590300,0.0,1.0
2014-03-27,35.51,36.81,35.51,36.43,36.43,958400,0.0,1.0
2014-03-26,37.02,37.18,35.34,36.0,36.0,566600,0.0,1.0
2014-03-25,37.18,37.5,36.29,36.68,36.68,564400,0.0,1.0
2014-03-24,39.33,39.33,35.09,37.1,37.1,1064000,0.0,1.0
2014-03-21,42.5,42.5,38.52,39.15,39.15,1312100,0.0,1.0
2014-03-20,42.08,43.02,41.73,42.15,42.15,205900,0.0,1.0
2014-03-19,43.74,43.74,41.57,42.23,42.23,392600,0.0,1.0
2014-03-18,41.92,43.95,41.66,43.91,43.91,497100,0.0,1.0
2014-03-17,42.93,43.345,41.92,41.97,41.97,302400,0.0,1.0
2014-03-14,41.34,42.969,41.1,42.56,42.56,281000,0.0,1.0
2014-03-13,43.16,43.396,41.0004,41.63,41.63,312700,0.0,1.0
2014-03-12,42.85,43.08,41.61,42.95,42.95,296000,0.0,1.0
2014-03-11,43.55,44.99,42.84,42.99,42.99,406800,0.0,1.0
2014-03-10,44.08,44.36,42.89,43.36,43.36,379100,0.0,1.0
2014-03-07,44.22,44.27,42.21,43.96,43.96,548000,0.0,1.0
2014-03-06,44.62,45.42,43.56,44.26,44.26,411500,0.0,1.0
2014-03-05,43.25,45.66,43.25,45.31,45.31,1021100,0.0,1.0
2014-03-04,41.97,43.25,41.54,43.245,43.245,700800,0.0,1.0
2014-03-03,40.69,41.79,40.294,41.405,41.405,287900,0.0,1.0
2014-02-28,41.68,42.5,40.74,41.45,41.45,606100,0.0,1.0
2014-02-27,40.85,41.985,40.85,41.61,41.61,461500,0.0,1.0
2014-02-26,40.24,41.8215,40.11,41.17,41.17,482100,0.0,1.0
2014-02-25,41.07,41.075,39.8,40.42,40.42,583000,0.0,1.0
2014-02-24,41.53,42.58,41.0,41.42,41.42,313600,0.0,1.0
2014-02-21,41.29,42.47,41.001,41.61,41.61,792500,0.0,1.0
2014-02-20,39.44,41.83,39.44,41.34,41.34,890100,0.0,1.0
2014-02-19,39.56,40.0,39.23,39.58,39.58,449000,0.0,1.0
2014-02-18,38.91,39.8,36.38,39.77,39.77,226800,0.0,1.0
2014-02-14,39.45,39.75,39.0,39.53,39.53,248900,0.0,1.0
2014-02-13,39.12,40.14,39.02,39.56,39.56,581200,0.0,1.0
2014-02-12,39.83,40.49,37.32,39.66,39.66,539700,0.0,1.0
2014-02-11,40.14,40.99,39.71,40.58,40.58,476000,0.0,1.0
2014-02-10,39.7,40.4037,39.095,40.14,40.14,636800,0.0,1.0
2014-02-07,39.91,40.0,38.45,39.62,39.62,431900,0.0,1.0
2014-02-06,38.09,40.61,37.485,39.95,39.95,702100,0.0,1.0
2014-02-05,38.27,38.405,37.564,38.01,38.01,242500,0.0,1.0
2014-02-04,36.73,38.69,36.73,38.58,38.58,497200,0.0,1.0
2014-02-03,40.01,41.94,37.93,38.45,38.45,902900,0.0,1.0
2014-01-31,41.94,43.37,40.21,40.48,40.48,2032200,0.0,1.0
2014-01-30,35.52,37.97,35.52,36.53,36.53,754700,0.0,1.0
2014-01-29,36.0,36.17,34.87,34.91,34.91,375700,0.0,1.0
2014-01-28,35.95,36.91,35.6,36.17,36.17,331300,0.0,1.0
2014-01-27,36.5,36.92,35.32,35.75,35.75,369900,0.0,1.0
2014-01-24,37.12,37.25,35.9325,36.6,36.6,303100,0.0,1.0
2014-01-23,37.72,37.72,36.9365,37.24,37.24,295800,0.0,1.0
2014-01-22,37.96,38.338,37.2,37.74,37.74,215000,0.0,1.0
2014-01-21,40.0,40.0,37.254,37.99,37.99,488000,0.0,1.0
2014-01-17,37.75,38.4,37.57,38.18,38.18,608400,0.0,1.0
2014-01-16,37.56,38.46,37.39,37.64,37.64,354600,0.0,1.0
2014-01-15,36.76,37.9,36.3,36.85,36.85,749800,0.0,1.0
2014-01-14,35.1,36.68,34.95,35.74,35.74,596600,0.0,1.0
2014-01-13,35.75,35.982,34.89,35.03,35.03,364900,0.0,1.0
2014-01-10,35.4,36.656,34.442,35.83,35.83,363400,0.0,1.0
2014-01-09,36.2,36.56,35.02,35.37,35.37,556100,0.0,1.0
2014-01-08,36.18,36.7,35.73,36.16,36.16,415700,0.0,1.0
2014-01-07,35.47,36.41,35.12,36.11,36.11,1000400,0.0,1.0
2014-01-06,34.31,35.61,34.09,35.02,35.02,829100,0.0,1.0
2014-01-03,32.83,34.97,32.56,34.18,34.18,904200,0.0,1.0
2014-01-02,32.93,33.115,31.81,32.4,32.4,466200,0.0,1.0
2013-12-31,33.44,33.66,32.94,33.17,33.17,353000,0.0,1.0
2013-12-30,32.31,33.84,31.84,33.51,33.51,456900,0.0,1.0
2013-12-27,31.34,32.36,31.08,32.31,32.31,303700,0.0,1.0
2013-12-26,31.46,31.51,30.76,31.29,31.29,276000,0.0,1.0
2013-12-24,31.18,32.23,30.46,31.41,31.41,252800,0.0,1.0
2013-12-23,29.8,31.41,29.37,31.22,31.22,653800,0.0,1.0
2013-12-20,29.68,29.78,29.382,29.65,29.65,559800,0.0,1.0
2013-12-19,29.11,29.52,29.11,29.32,29.32,227600,0.0,1.0
2013-12-18,29.34,29.34,28.5,29.12,29.12,281800,0.0,1.0
2013-12-17,28.8,29.39,28.611,29.29,29.29,266100,0.0,1.0
2013-12-16,29.47,29.67,28.2384,28.73,28.73,482300,0.0,1.0
2013-12-13,28.61,29.66,28.15,29.27,29.27,450600,0.0,1.0
2013-12-12,28.37,28.42,27.76,28.1,28.1,213600,0.0,1.0
2013-12-11,29.08,29.16,28.19,28.44,28.44,216100,0.0,1.0
2013-12-10,28.1,29.29,27.92,29.0,29.0,641600,0.0,1.0
2013-12-09,28.27,28.41,26.9204,28.17,28.17,950100,0.0,1.0
2013-12-06,29.45,29.49,27.79,28.03,28.03,1569400,0.0,1.0
2013-12-05,29.87,29.9,28.35,29.45,29.45,1436000,0.0,1.0
2013-12-04,30.85,31.39,30.25,30.35,30.35,158500,0.0,1.0
2013-12-03,30.66,31.18,30.54,31.03,31.03,195600,0.0,1.0
2013-12-02,30.44,31.03,30.17,30.8,30.8,202300,0.0,1.0
2013-11-29,30.92,31.0,30.5,30.5,30.5,56300,0.0,1.0
2013-11-27,30.75,30.96,30.5475,30.75,30.75,170000,0.0,1.0
2013-11-26,30.14,30.74,29.75,30.68,30.68,203600,0.0,1.0
2013-11-25,30.3,30.36,29.67,30.01,30.01,199500,0.0,1.0
2013-11-22,30.44,30.86,30.1,30.25,30.25,354600,0.0,1.0
2013-11-21,30.09,30.88,30.029,30.38,30.38,75800,0.0,1.0
2013-11-20,30.5,30.7,29.72,30.0,30.0,269700,0.0,1.0
2013-11-19,30.04,30.99,29.6,30.41,30.41,256400,0.0,1.0
2013-11-18,30.87,30.87,29.8025,30.21,30.21,421700,0.0,1.0
2013-11-15,30.52,31.06,30.081,30.93,30.93,291700,0.0,1.0
2013-11-14,31.55,31.55,30.36,30.57,30.57,174600,0.0,1.0
2013-11-13,31.01,32.0,30.87,31.67,31.67,227200,0.0,1.0
2013-11-12,30.7,31.16,30.58,31.11,31.11,174200,0.0,1.0
2013-11-11,31.19,31.72,30.665,30.87,30.87,156900,0.0,1.0
2013-11-08,29.79,31.43,29.035,31.36,31.36,379300,0.0,1.0
2013-11-07,30.83,30.83,29.52,29.8,29.8,491700,0.0,1.0
2013-11-06,30.58,31.11,30.1,30.93,30.93,182900,0.0,1.0
2013-11-05,30.85,30.88,30.22,30.58,30.58,291100,0.0,1.0
2013-11-04,31.1,31.21,30.571,30.92,30.92,223600,0.0,1.0
2013-11-01,31.17,31.46,30.54,30.93,30.93,721400,0.0,1.0
2013-10-31,31.09,34.0,29.36,31.64,31.64,824300,0.0,1.0
2013-10-30,28.8,29.03,27.33,27.51,27.51,278100,0.0,1.0
2013-10-29,29.48,29.72,28.11,28.89,28.89,227300,0.0,1.0
2013-10-28,30.85,31.0,29.19,29.36,29.36,180900,0.0,1.0
2013-10-25,31.52,31.66,30.54,30.75,30.75,139400,0.0,1.0
2013-10-24,31.13,31.66,30.965,31.45,31.45,128500,0.0,1.0
2013-10-23,31.23,31.65,30.89,31.15,31.15,213300,0.0,1.0
2013-10-22,31.72,31.9,30.98,31.45,31.45,335200,0.0,1.0
2013-10-21,30.65,31.83,30.46,31.69,31.69,233000,0.0,1.0
2013-10-18,29.98,30.71,29.91,30.67,30.67,107500,0.0,1.0
2013-10-17,29.33,29.81,29.155,29.77,29.77,129900,0.0,1.0
2013-10-16,30.0,30.05,29.18,29.37,29.37,143400,0.0,1.0
2013-10-15,29.7057,29.77,29.32,29.58,29.58,140300,0.0,1.0
2013-10-14,29.33,29.65,28.7569,29.4,29.4,162400,0.0,1.0
2013-10-11,28.2,29.45,28.15,29.44,29.44,197300,0.0,1.0
2013-10-10,27.11,28.3025,27.03,28.17,28.17,149900,0.0,1.0
2013-10-09,26.78,27.19,26.19,26.88,26.88,334600,0.0,1.0
2013-10-08,27.98,28.52,26.75,26.81,26.81,252000,0.0,1.0
2013-10-07,28.51,29.05,28.06,28.09,28.09,114500,0.0,1.0
2013-10-04,28.5,29.25,28.03,28.87,28.87,257000,0.0,1.0
2013-10-03,30.55,30.78,28.53,28.59,28.59,308300,0.0,1.0
2013-10-02,32.1,32.1,30.26,30.63,30.63,255700,0.0,1.0
2013-10-01,32.02,32.83,31.59,32.01,32.01,113500,0.0,1.0
2013-09-30,31.36,32.24,30.63,32.12,32.12,216000,0.0,1.0
2013-09-27,31.0,31.81,30.795,31.67,31.67,79900,0.0,1.0
2013-09-26,31.25,31.56,31.06,31.19,31.19,190300,0.0,1.0
2013-09-25,31.08,31.85,30.9,31.17,31.17,182800,0.0,1.0
2013-09-24,32.15,32.15,31.07,31.14,31.14,130500,0.0,1.0
2013-09-23,32.01,32.33,31.29,32.03,32.03,144700,0.0,1.0
2013-09-20,32.01,33.15,31.84,31.91,31.91,488500,0.0,1.0
2013-09-19,32.0,32.19,31.47,32.01,32.01,137900,0.0,1.0
2013-09-18,31.07,32.16,30.95,31.98,31.98,238900,0.0,1.0
2013-09-17,30.85,31.276,30.76,31.14,31.14,212000,0.0,1.0
2013-09-16,31.78,32.32,30.5,30.78,30.78,192100,0.0,1.0
2013-09-13,30.17,31.65,29.76,31.56,31.56,308200,0.0,1.0
2013-09-12,29.65,30.84,29.36,30.07,30.07,423400,0.0,1.0
2013-09-11,28.77,29.89,28.74,29.64,29.64,146700,0.0,1.0
2013-09-10,28.42,29.75,28.33,29.44,29.44,151200,0.0,1.0
2013-09-09,28.05,29.16,27.73,28.28,28.28,234600,0.0,1.0
2013-09-06,28.56,28.56,27.6,27.91,27.91,216900,0.0,1.0
2013-09-05,29.1,29.28,28.37,28.5,28.5,202800,0.0,1.0
2013-09-04,29.37,29.59,28.92,28.99,28.99,88800,0.0,1.0
2013-09-03,29.05,29.69,28.83,29.37,29.37,179300,0.0,1.0
2013-08-30,29.1,29.199,28.55,28.81,28.81,162600,0.0,1.0
2013-08-29,28.56,29.31,28.2401,29.16,29.16,77700,0.0,1.0
2013-08-28,28.35,28.8,27.66,28.53,28.53,81600,0.0,1.0
2013-08-27,29.37,29.37,27.72,28.34,28.34,190400,0.0,1.0
2013-08-26,29.4,30.1,29.08,29.54,29.54,186700,0.0,1.0
2013-08-23,29.65,29.91,29.13,29.27,29.27,131100,0.0,1.0
2013-08-22,29.45,29.92,29.31,29.68,29.68,94900,0.0,1.0
2013-08-21,29.42,29.92,29.18,29.39,29.39,188800,0.0,1.0
2013-08-20,29.58,29.74,29.09,29.52,29.52,119200,0.0,1.0
2013-08-19,29.23,29.67,28.661,29.53,29.53,151400,0.0,1.0
2013-08-16,28.85,29.24,27.94,28.97,28.97,132000,0.0,1.0
2013-08-15,29.43,29.43,28.84,29.01,29.01,168300,0.0,1.0
2013-08-14,28.9,29.76,28.84,29.48,29.48,329200,0.0,1.0
2013-08-13,29.08,29.19,28.5701,28.89,28.89,229300,0.0,1.0
2013-08-12,28.83,29.43,28.72,29.0,29.0,289100,0.0,1.0
2013-08-09,29.41,29.41,28.9,29.0,29.0,260300,0.0,1.0
2013-08-08,29.36,29.66,29.0,29.18,29.18,140300,0.0,1.0
2013-08-07,28.96,29.52,28.35,29.4,29.4,304800,0.0,1.0
2013-08-06,28.65,29.29,28.51,29.11,29.11,355200,0.0,1.0
2013-08-05,27.76,28.91,27.76,28.9,28.9,238800,0.0,1.0
2013-08-02,27.24,28.0,27.2,28.0,28.0,207500,0.0,1.0
2013-08-01,27.0,27.59,26.8,27.54,27.54,265600,0.0,1.0
2013-07-31,27.0,27.2,26.58,26.91,26.91,408200,0.0,1.0
2013-07-30,26.72,27.0,25.78,26.93,26.93,267300,0.0,1.0
2013-07-29,26.23,26.66,25.415,26.64,26.64,336400,0.0,1.0
2013-07-26,25.93,27.0,25.2,26.93,26.93,250200,0.0,1.0
2013-07-25,25.9,27.0,25.74,26.08,26.08,280300,0.0,1.0
2013-07-24,25.69,26.4315,25.4401,25.87,25.87,432900,0.0,1.0
2013-07-23,25.24,26.13,25.03,25.57,25.57,488800,0.0,1.0
2013-07-22,24.57,24.67,23.69,24.64,24.64,167900,0.0,1.0
2013-07-19,25.24,25.3898,24.31,24.76,24.76,162200,0.0,1.0
2013-07-18,24.98,25.47,24.77,25.26,25.26,262200,0.0,1.0
2013-07-17,24.12,25.11,24.015,24.96,24.96,308700,0.0,1.0
2013-07-16,24.55,24.63,23.83,24.0,24.0,182800,0.0,1.0
2013-07-15,24.43,24.85,24.3,24.52,24.52,108200,0.0,1.0
2013-07-12,23.9,24.99,23.9,24.44,24.44,172000,0.0,1.0
2013-07-11,23.63,24.09,23.62,24.03,24.03,134800,0.0,1.0
2013-07-10,23.42,23.77,23.28,23.52,23.52,156700,0.0,1.0
2013-07-09,23.8,24.18,23.12,23.57,23.57,323900,0.0,1.0
2013-07-08,25.07,25.264,23.7901,24.07,24.07,262900,0.0,1.0
2013-07-05,25.31,25.4,24.84,25.0,25.0,130100,0.0,1.0
2013-07-03,24.47,25.28,24.33,24.97,24.97,150200,0.0,1.0
2013-07-02,24.36,24.69,24.1175,24.59,24.59,126400,0.0,1.0
2013-07-01,24.37,24.88,23.93,24.33,24.33,317400,0.0,1.0
2013-06-28,24.24,24.36,23.85,24.25,24.25,2414400,0.0,1.0
2013-06-27,24.6,24.6,24.08,24.34,24.34,299900,0.0,1.0
2013-06-26,24.0,24.5,23.78,24.32,24.32,263600,0.0,1.0
2013-06-25,24.12,24.3,23.58,23.79,23.79,255700,0.0,1.0
2013-06-24,23.55,24.2999,23.0,24.02,24.02,364400,0.0,1.0
2013-06-21,23.28,23.75,22.56,23.62,23.62,419900,0.0,1.0
2013-06-20,22.94,23.31,22.64,23.05,23.05,231200,0.0,1.0
2013-06-19,23.0,23.36,22.58,22.99,22.99,257500,0.0,1.0
2013-06-18,22.42,23.474,21.92,22.98,22.98,498400,0.0,1.0
2013-06-17,23.04,23.44,22.05,22.33,22.33,381100,0.0,1.0
2013-06-14,22.93,23.08,22.62,22.95,22.95,127800,0.0,1.0
2013-06-13,22.55,22.96,21.9,22.93,22.93,201000,0.0,1.0
2013-06-12,22.25,22.66,21.9,22.49,22.49,170300,0.0,1.0
2013-06-11,22.52,23.13,22.1,22.15,22.15,302800,0.0,1.0
2013-06-10,21.93,22.89,21.66,22.53,22.53,453900,0.0,1.0
2013-06-07,20.76,21.83,20.76,21.8,21.8,333700,0.0,1.0
2013-06-06,20.08,20.8,19.99,20.76,20.76,184800,0.0,1.0
2013-06-05,19.91,20.21,19.71,20.05,20.05,177600,0.0,1.0
2013-06-04,20.1,20.41,19.98,20.07,20.07,188500,0.0,1.0
2013-06-03,20.11,20.17,19.6,20.12,20.12,416600,0.0,1.0
2013-05-31,20.04,20.36,19.98,20.2,20.2,183400,0.0,1.0
2013-05-30,20.16,20.35,19.98,20.14,20.14,214400,0.0,1.0
2013-05-29,19.98,20.2,19.68,20.15,20.15,376400,0.0,1.0
2013-05-28,19.78,20.0,19.5,19.99,19.99,465000,0.0,1.0
2013-05-24,19.07,19.85,19.0,19.76,19.76,397200,0.0,1.0
2013-05-23,18.98,19.2,18.61,19.12,19.12,273200,0.0,1.0
2013-05-22,18.95,19.14,18.7,19.09,19.09,525700,0.0,1.0
2013-05-21,18.6,18.96,18.5,18.9,18.9,132400,0.0,1.0
2013-05-20,18.16,18.64,18.16,18.57,18.57,370200,0.0,1.0
2013-05-17,18.44,18.7,18.2,18.45,18.45,271300,0.0,1.0
2013-05-16,18.38,18.45,18.03,18.41,18.41,150900,0.0,1.0
2013-05-15,18.45,18.46,18.21,18.45,18.45,176000,0.0,1.0
2013-05-14,18.09,18.5,17.98,18.42,18.42,409500,0.0,1.0
2013-05-13,18.0,18.25,17.88,17.99,17.99,152200,0.0,1.0
2013-05-10,17.35,18.15,17.08,18.11,18.11,226700,0.0,1.0
2013-05-09,17.62,17.62,17.01,17.24,17.24,256200,0.0,1.0
2013-05-08,18.27,18.27,17.66,17.73,17.73,202500,0.0,1.0
2013-05-07,18.36,18.495,18.1101,18.39,18.39,206500,0.0,1.0
2013-05-06,18.88,18.88,18.23,18.31,18.31,306400,0.0,1.0
2013-05-03,18.11,18.95,17.975,18.77,18.77,454900,0.0,1.0
2013-05-02,17.63,18.32,17.12,18.05,18.05,265900,0.0,1.0
2013-05-01,18.0,18.19,17.89,18.12,18.12,226000,0.0,1.0
2013-04-30,18.43,18.5,17.95,18.32,18.32,206100,0.0,1.0
2013-04-29,18.77,19.15,18.44,18.48,18.48,351300,0.0,1.0
2013-04-26,18.5,19.15,17.52,18.94,18.94,3108800,0.0,1.0
2013-04-25,16.99,18.37,16.9502,18.01,18.01,262800,0.0,1.0
2013-04-24,17.35,17.49,16.87,16.97,16.97,102200,0.0,1.0
2013-04-23,17.22,17.58,17.17,17.5,17.5,88900,0.0,1.0
2013-04-22,17.28,17.39,16.86,17.17,17.17,63000,0.0,1.0
2013-04-19,17.1,17.26,16.95,17.11,17.11,86400,0.0,1.0
2013-04-18,17.0,17.23,16.75,16.97,16.97,54800,0.0,1.0
2013-04-17,17.14,17.18,16.7,16.99,16.99,79600,0.0,1.0
2013-04-16,16.83,17.29,16.75,17.18,17.18,112000,0.0,1.0
2013-04-15,16.89,17.14,16.4,16.69,16.69,147000,0.0,1.0
2013-04-12,17.0,17.15,16.86,17.02,17.02,74100,0.0,1.0
2013-04-11,17.0,17.275,16.98,17.03,17.03,122100,0.0,1.0
2013-04-10,17.07,17.32,16.72,16.98,16.98,172200,0.0,1.0
2013-04-09,16.62,17.31,16.62,16.99,16.99,131900,0.0,1.0
2013-04-08,16.77,16.84,16.39,16.63,16.63,129200,0.0,1.0
2013-04-05,16.72,16.74,16.23,16.69,16.69,140200,0.0,1.0
2013-04-04,16.95,17.07,16.65,16.97,16.97,130400,0.0,1.0
2013-04-03,17.52,17.75,16.81,17.01,17.01,274000,0.0,1.0
2013-04-02,16.84,17.43,16.721,17.42,17.42,143800,0.0,1.0
2013-04-01,16.94,16.96,16.17,16.75,16.75,122800,0.0,1.0
2013-03-28,16.6,16.95,16.2,16.86,16.86,172500,0.0,1.0
2013-03-27,16.7,16.85,16.16,16.71,16.71,99300,0.0,1.0
2013-03-26,16.67,16.95,16.57,16.78,16.78,73800,0.0,1.0
2013-03-25,16.76,17.0,16.47,16.65,16.65,156000,0.0,1.0
2013-03-22,17.17,17.39,16.44,16.67,16.67,269300,0.0,1.0
2013-03-21,16.9,17.49,16.75,17.13,17.13,440100,0.0,1.0
2013-03-20,16.8,17.0,16.66,17.0,17.0,198600,0.0,1.0
2013-03-19,16.2,16.91,16.09,16.73,16.73,461800,0.0,1.0
2013-03-18,16.0,16.21,15.97,16.19,16.19,171200,0.0,1.0
2013-03-15,16.03,16.25,16.0,16.14,16.14,359500,0.0,1.0
2013-03-14,15.52,16.23,15.09,16.19,16.19,524100,0.0,1.0
2013-03-13,15.0,15.67,14.85,15.52,15.52,405600,0.0,1.0
2013-03-12,14.35,15.15,14.335,15.04,15.04,324200,0.0,1.0
2013-03-11,14.78,14.96,14.59,14.9,14.9,107200,0.0,1.0
2013-03-08,14.9,14.97,14.53,14.84,14.84,193600,0.0,1.0
2013-03-07,14.21,15.15,13.975,14.98,14.98,422600,0.0,1.0
2013-03-06,14.16,14.19,13.81,14.17,14.17,241600,0.0,1.0
2013-03-05,14.06,14.2,13.93,14.12,14.12,430900,0.0,1.0
2013-03-04,13.99,14.07,13.71,14.06,14.06,300200,0.0,1.0
2013-03-01,13.87,14.28,13.38,13.99,13.99,327700,0.0,1.0
2013-02-28,14.35,14.38,13.72,13.98,13.98,134000,0.0,1.0
2013-02-27,14.6,14.65,14.15,14.37,14.37,251400,0.0,1.0
2013-02-26,14.12,14.68,13.89,14.58,14.58,333900,0.0,1.0
2013-02-25,15.05,15.07,13.96,14.0,14.0,224600,0.0,1.0
2013-02-22,14.63,14.82,14.43,14.76,14.76,290100,0.0,1.0
2013-02-21,14.45,14.65,14.265,14.57,14.57,171900,0.0,1.0
2013-02-20,14.2,14.79,14.2,14.61,14.61,204300,0.0,1.0
2013-02-19,14.0,14.2999,13.99,14.24,14.24,160000,0.0,1.0
2013-02-15,13.88,14.36,13.81,14.03,14.03,320200,0.0,1.0
2013-02-14,13.39,13.91,13.34,13.8,13.8,168200,0.0,1.0
2013-02-13,13.6,13.84,12.97,13.37,13.37,67600,0.0,1.0
2013-02-12,13.54,13.72,13.5,13.54,13.54,153800,0.0,1.0
2013-02-11,13.79,13.79,13.49,13.52,13.52,231700,0.0,1.0
2013-02-08,13.61,13.91,13.53,13.84,13.84,113200,0.0,1.0
2013-02-07,13.62,13.72,13.52,13.62,13.62,77300,0.0,1.0
2013-02-06,13.22,13.82,12.63,13.74,13.74,249000,0.0,1.0
2013-02-05,13.19,13.48,13.06,13.42,13.42,125800,0.0,1.0
2013-02-04,12.93,13.31,12.83,13.12,13.12,208700,0.0,1.0
2013-02-01,13.36,13.53,12.77,13.39,13.39,246200,0.0,1.0
2013-01-31,13.46,13.56,12.98,13.15,13.15,168400,0.0,1.0
2013-01-30,13.38,13.58,13.18,13.41,13.41,182500,0.0,1.0
2013-01-29,13.475,13.55,13.04,13.29,13.29,132100,0.0,1.0
2013-01-28,13.5,13.73,13.19,13.5,13.5,206000,0.0,1.0
2013-01-25,13.09,13.52,13.03,13.48,13.48,290600,0.0,1.0
2013-01-24,12.73,13.13,12.68,13.09,13.09,145900,0.0,1.0
2013-01-23,12.71,12.92,12.52,12.75,12.75,116700,0.0,1.0
2013-01-22,13.0,13.1,12.94,13.01,13.01,146000,0.0,1.0
2013-01-18,13.05,13.1,12.88,13.07,13.07,113300,0.0,1.0
2013-01-17,13.05,13.08,12.9,13.07,13.07,80500,0.0,1.0
2013-01-16,13.1,13.21,12.99,13.03,13.03,153500,0.0,1.0
2013-01-15,13.05,13.16,12.86,13.12,13.12,132400,0.0,1.0
2013-01-14,13.1,13.17,12.99,13.1,13.1,94200,0.0,1.0
2013-01-11,13.11,13.32,12.93,13.23,13.23,85900,0.0,1.0
2013-01-10,13.27,13.27,12.985,13.12,13.12,65400,0.0,1.0
2013-01-09,13.3,13.31,13.03,13.17,13.17,72300,0.0,1.0
2013-01-08,13.3,13.3,12.92,13.27,13.27,212200,0.0,1.0
2013-01-07,12.98,13.49,12.93,13.44,13.44,168200,0.0,1.0
2013-01-04,12.64,13.2,12.62,13.12,13.12,161400,0.0,1.0
2013-01-03,13.02,13.02,12.41,12.57,12.57,76700,0.0,1.0
2013-01-02,12.65,13.0,12.5,12.97,12.97,229500,0.0,1.0
2012-12-31,12.3,12.53,12.12,12.31,12.31,96600,0.0,1.0
2012-12-28,12.12,12.49,12.12,12.37,12.37,52600,0.0,1.0
2012-12-27,12.4,12.5,11.95,12.23,12.23,244600,0.0,1.0
2012-12-26,12.5,12.5,12.255,12.43,12.43,28900,0.0,1.0
2012-12-24,12.39,12.73,12.39,12.5,12.5,37000,0.0,1.0
2012-12-21,12.78,12.93,12.32,12.4,12.4,182800,0.0,1.0
2012-12-20,12.02,13.0,11.86,12.94,12.94,212200,0.0,1.0
2012-12-19,12.0,12.15,11.9,12.04,12.04,190800,0.0,1.0
2012-12-18,11.87,12.06,11.82,12.0,12.0,495500,0.0,1.0
2012-12-17,10.88,11.6897,10.58,11.65,11.65,239400,0.0,1.0
2012-12-14,10.7,10.96,10.48,10.74,10.74,129300,0.0,1.0
2012-12-13,10.82,10.88,10.6,10.72,10.72,116900,0.0,1.0
2012-12-12,10.5,10.9,10.41,10.84,10.84,547900,0.0,1.0
2012-12-11,10.19,10.6,10.19,10.46,10.46,186300,0.0,1.0
2012-12-10,10.44,10.75,10.18,10.51,10.51,124100,0.0,1.0
2012-12-07,10.69,10.8,10.21,10.47,10.47,114200,0.0,1.0
2012-12-06,10.58,10.94,10.44,10.6604,10.6604,180100,0.0,1.0
2012-12-05,11.01,11.035,10.47,10.53,10.53,129300,0.0,1.0
2012-12-04,11.0,11.2,10.93,11.0,11.0,228500,0.0,1.0
2012-12-03,11.08,11.5,10.59,11.0576,11.0576,785700,0.0,1.0
2012-11-30,10.51,11.05,10.5,11.0,11.0,1215700,0.0,1.0
2012-11-29,10.74,10.76,10.27,10.5,10.5,142200,0.0,1.0
2012-11-28,10.87,10.87,10.27,10.63,10.63,183900,0.0,1.0
2012-11-27,10.99,10.99,9.82,10.19,10.19,164400,0.0,1.0
2012-11-26,11.0,11.125,10.55,11.01,11.01,152600,0.0,1.0
2012-11-23,10.58,10.96,10.41,10.89,10.89,69300,0.0,1.0
2012-11-21,10.13,10.75,9.9,10.64,10.64,244900,0.0,1.0
2012-11-20,10.0,10.34,9.81,10.34,10.34,169500,0.0,1.0
2012-11-19,10.25,10.25,9.88,10.15,10.15,271400,0.0,1.0
2012-11-16,10.17,10.265,9.98,10.22,10.22,162100,0.0,1.0
2012-11-15,9.99,10.65,9.92,10.13,10.13,161500,0.0,1.0
2012-11-14,10.17,10.62,9.97,10.05,10.05,179200,0.0,1.0
2012-11-13,9.89,10.86,9.77,10.32,10.32,215900,0.0,1.0
2012-11-12,10.14,10.71,9.87,10.46,10.46,1095300,0.0,1.0
2012-11-09,11.73,12.16,11.03,11.06,11.06,111500,0.0,1.0
2012-11-08,11.94,12.57,11.7,11.75,11.75,53600,0.0,1.0
2012-11-07,12.25,12.57,11.72,11.93,11.93,82700,0.0,1.0
2012-11-06,12.71,12.71,12.26,12.33,12.33,18200,0.0,1.0
2012-11-05,12.71,12.925,12.58,12.63,12.63,47100,0.0,1.0
2012-11-02,13.01,13.19,12.67,12.74,12.74,13100,0.0,1.0
2012-11-01,13.31,13.31,12.65,13.0,13.0,117000,0.0,1.0
2012-10-31,13.54,13.56,13.08,13.21,13.21,8100,0.0,1.0
2012-10-26,13.86,13.9,13.24,13.49,13.49,113500,0.0,1.0
2012-10-25,13.44,13.48,13.0301,13.38,13.38,29200,0.0,1.0
2012-10-24,13.5,13.52,13.0374,13.36,13.36,24600,0.0,1.0
2012-10-23,12.46,13.59,12.46,13.39,13.39,18300,0.0,1.0
2012-10-22,12.57,12.94,12.39,12.82,12.82,25800,0.0,1.0
2012-10-19,13.54,13.74,12.42,12.51,12.51,65000,0.0,1.0
2012-10-18,13.67,13.92,13.67,13.79,13.79,18700,0.0,1.0
2012-10-17,13.96,14.4,13.45,13.63,13.63,25400,0.0,1.0
2012-10-16,13.97,14.125,13.76,13.88,13.88,36900,0.0,1.0
2012-10-15,14.23,14.23,13.7207,13.92,13.92,10900,0.0,1.0
2012-10-12,13.46,14.47,13.46,14.14,14.14,28100,0.0,1.0
2012-10-11,13.16,13.56,13.12,13.49,13.49,62100,0.0,1.0
2012-10-10,13.0,13.375,12.38,12.98,12.98,91400,0.0,1.0
2012-10-09,13.35,13.45,12.55,12.83,12.83,90600,0.0,1.0
2012-10-08,13.2,13.54,13.12,13.23,13.23,70200,0.0,1.0
2012-10-05,13.2,13.42,13.01,13.23,13.23,21400,0.0,1.0
2012-10-04,12.73,13.17,12.66,13.02,13.02,138400,0.0,1.0
2012-10-03,13.04,13.24,12.52,12.71,12.71,102500,0.0,1.0
2012-10-02,14.0,14.0,12.92,12.98,12.98,123600,0.0,1.0
2012-10-01,14.73,14.99,13.77,13.94,13.94,81500,0.0,1.0
2012-09-28,14.53,14.97,14.18,14.85,14.85,25400,0.0,1.0
2012-09-27,14.35,14.87,13.82,14.64,14.64,24200,0.0,1.0
2012-09-26,14.57,14.66,13.66,14.32,14.32,27700,0.0,1.0
2012-09-25,14.89,15.06,14.5,14.56,14.56,22200,0.0,1.0
2012-09-24,14.58,14.99,14.56,14.77,14.77,11200,0.0,1.0
2012-09-21,15.72,16.04,14.5,14.62,14.62,110300,0.0,1.0
2012-09-20,15.8,16.02,15.14,15.32,15.32,33700,0.0,1.0
2012-09-19,15.59,15.95,15.43,15.95,15.95,38000,0.0,1.0
2012-09-18,15.44,15.83,14.87,15.48,15.48,22500,0.0,1.0
2012-09-17,15.43,16.08,14.87,15.5,15.5,16300,0.0,1.0
2012-09-14,15.8,16.08,15.1,15.48,15.48,31600,0.0,1.0
2012-09-13,14.8,16.12,14.52,15.69,15.69,54900,0.0,1.0
2012-09-12,14.17,14.74,13.8,14.74,14.74,36800,0.0,1.0
2012-09-11,14.1,14.15,13.5,14.07,14.07,20900,0.0,1.0
2012-09-10,13.65,13.91,13.2501,13.82,13.82,25600,0.0,1.0
2012-09-07,13.83,13.83,13.185,13.68,13.68,41200,0.0,1.0
2012-09-06,13.01,13.81,12.9,13.59,13.59,63500,0.0,1.0
2012-09-05,12.5,13.11,12.5,12.9,12.9,337100,0.0,1.0
2012-09-04,12.79,12.98,11.79,12.44,12.44,156000,0.0,1.0
2012-08-31,13.05,13.23,12.71,12.98,12.98,24300,0.0,1.0
2012-08-30,13.5,13.61,13.07,13.15,13.15,21300,0.0,1.0
2012-08-29,13.68,13.9,13.26,13.64,13.64,27300,0.0,1.0
2012-08-28,13.35,13.76,13.35,13.63,13.63,22900,0.0,1.0
2012-08-27,14.25,14.26,13.27,13.39,13.39,26600,0.0,1.0
2012-08-24,13.59,13.95,13.42,13.42,13.42,9200,0.0,1.0
2012-08-23,13.71,13.76,13.32,13.63,13.63,7800,0.0,1.0
2012-08-22,13.77,13.909,13.25,13.7,13.7,94500,0.0,1.0
2012-08-21,14.14,14.5499,13.4,13.73,13.73,38000,0.0,1.0
2012-08-20,14.44,14.44,13.77,14.05,14.05,11200,0.0,1.0
2012-08-17,14.09,14.63,14.01,14.52,14.52,29600,0.0,1.0
2012-08-16,13.76,14.22,13.75,14.16,14.16,18700,0.0,1.0
2012-08-15,13.5,13.79,13.14,13.79,13.79,20800,0.0,1.0
2012-08-14,13.31,13.57,13.25,13.5,13.5,42300,0.0,1.0
2012-08-13,13.98,14.61,13.03,13.25,13.25,33800,0.0,1.0
2012-08-10,14.44,14.44,13.81,13.98,13.98,23300,0.0,1.0
2012-08-09,14.29,14.78,14.01,14.49,14.49,60200,0.0,1.0
2012-08-08,14.2,14.85,13.24,14.29,14.29,66500,0.0,1.0
2012-08-07,14.51,14.86,13.01,14.09,14.09,37800,0.0,1.0
2012-08-06,14.6,14.85,14.19,14.56,14.56,38700,0.0,1.0
2012-08-03,14.29,14.605,13.0927,14.58,14.58,18800,0.0,1.0
2012-08-02,13.41,14.21,13.41,14.0,14.0,25900,0.0,1.0
2012-08-01,13.945,13.945,13.24,13.41,13.41,20400,0.0,1.0
2012-07-31,14.45,14.64,13.75,13.82,13.82,18900,0.0,1.0
2012-07-30,14.64,14.75,14.41,14.48,14.48,8500,0.0,1.0
2012-07-27,14.58,14.9,14.45,14.64,14.64,30200,0.0,1.0
2012-07-26,14.0,14.68,14.0,14.53,14.53,28100,0.0,1.0
2012-07-25,13.79,13.92,13.79,13.82,13.82,6900,0.0,1.0
2012-07-24,13.96,14.0,13.48,13.7,13.7,31600,0.0,1.0
2012-07-23,13.99,14.155,13.88,13.96,13.96,18600,0.0,1.0
2012-07-20,14.49,14.63,14.06,14.25,14.25,35000,0.0,1.0
2012-07-19,15.1389,15.1389,14.34,14.5,14.5,254800,0.0,1.0
2012-07-18,14.73,15.23,14.5701,15.14,15.14,21100,0.0,1.0
2012-07-17,15.01,15.36,14.48,14.71,14.71,30900,0.0,1.0
2012-07-16,15.4,15.4,14.9399,14.94,14.94,16300,0.0,1.0
2012-07-13,15.425,15.94,14.92,15.44,15.44,117400,0.0,1.0
2012-07-12,14.65,15.44,14.61,15.28,15.28,39800,0.0,1.0
2012-07-11,15.12,15.5,14.49,14.8,14.8,65700,0.0,1.0
2012-07-10,16.0,16.05,15.01,15.16,15.16,26200,0.0,1.0
2012-07-09,16.89,16.908,15.7701,15.95,15.95,21300,0.0,1.0
2012-07-06,16.7,16.9,16.24,16.84,16.84,22800,0.0,1.0
2012-07-05,16.54,17.04,16.37,16.9,16.9,24200,0.0,1.0
2012-07-03,16.27,16.75,16.27,16.5,16.5,11800,0.0,1.0
2012-07-02,16.99,16.99,15.86,16.07,16.07,33400,0.0,1.0
2012-06-29,17.15,17.15,16.29,16.95,16.95,55000,0.0,1.0
2012-06-28,16.99,17.75,16.75,16.93,16.93,26800,0.0,1.0
2012-06-27,16.49,17.3812,16.19,17.14,17.14,64900,0.0,1.0
2012-06-26,15.66,16.52,15.42,16.35,16.35,65100,0.0,1.0
2012-06-25,14.91,15.85,14.27,15.64,15.64,55100,0.0,1.0
2012-06-22,15.52,15.52,14.6965,15.17,15.17,869900,0.0,1.0
2012-06-21,15.24,15.74,15.13,15.4,15.4,60600,0.0,1.0
2012-06-20,15.12,15.91,14.5901,15.13,15.13,99000,0.0,1.0
2012-06-19,14.64,15.15,14.42,15.14,15.14,59800,0.0,1.0
2012-06-18,14.68,14.79,14.46,14.6,14.6,207800,0.0,1.0
2012-06-15,14.68,14.83,14.08,14.67,14.67,74400,0.0,1.0
2012-06-14,14.56,14.82,14.31,14.71,14.71,53100,0.0,1.0
2012-06-13,14.18,14.65,14.17,14.56,14.56,34600,0.0,1.0
2012-06-12,14.0,14.58,13.83,14.17,14.17,28100,0.0,1.0
2012-06-11,14.78,14.79,13.83,14.04,14.04,149500,0.0,1.0
2012-06-08,14.31,14.8,14.31,14.71,14.71,65000,0.0,1.0
2012-06-07,14.42,14.75,13.7179,14.48,14.48,68300,0.0,1.0
2012-06-06,13.25,14.38,13.24,14.32,14.32,61200,0.0,1.0
2012-06-05,12.64,13.24,12.42,13.17,13.17,155600,0.0,1.0
2012-06-04,12.49,12.86,12.255,12.66,12.66,112600,0.0,1.0
2012-06-01,13.6801,13.6801,12.37,12.48,12.48,90500,0.0,1.0
2012-05-31,13.77,14.51,13.19,14.27,14.27,33900,0.0,1.0
2012-05-30,13.6,14.56,13.53,13.84,13.84,374300,0.0,1.0
2012-05-29,13.56,14.91,13.34,13.76,13.76,173100,0.0,1.0
2012-05-25,12.49,12.655,12.29,12.58,12.58,262800,0.0,1.0
2012-05-24,12.98,12.98,12.3,12.45,12.45,26400,0.0,1.0
2012-05-23,12.8,13.05,12.0828,12.92,12.92,82200,0.0,1.0
2012-05-22,12.95,13.44,12.94,13.07,13.07,32200,0.0,1.0
2012-05-21,13.0,13.12,12.95,13.0,13.0,33000,0.0,1.0
2012-05-18,13.17,13.94,12.95,13.1,13.1,129000,0.0,1.0
2012-05-17,13.84,13.84,13.038,13.42,13.42,46200,0.0,1.0
2012-05-16,14.29,14.82,13.95,14.09,14.09,244000,0.0,1.0
2012-05-15,13.95,14.9,13.75,14.34,14.34,160400,0.0,1.0
2012-05-14,13.51,14.07,13.4,13.54,13.54,57000,0.0,1.0
2012-05-11,13.63,14.07,13.5002,13.59,13.59,35900,0.0,1.0
2012-05-10,13.95,14.19,13.65,13.77,13.77,63000,0.0,1.0
2012-05-09,14.2,14.55,13.59,13.84,13.84,58400,0.0,1.0
2012-05-08,14.72,14.72,14.098,14.49,14.49,114100,0.0,1.0
2012-05-07,13.36,14.37,13.3,14.22,14.22,149600,0.0,1.0
2012-05-04,13.02,13.82,13.02,13.51,13.51,79600,0.0,1.0
2012-05-03,13.19,13.38,13.05,13.175,13.175,80500,0.0,1.0
2012-05-02,12.93,13.32,12.9,13.15,13.15,74000,0.0,1.0
2012-05-01,13.14,13.515,13.1,13.1,13.1,63000,0.0,1.0
2012-04-30,13.0,13.18,13.0,13.1,13.1,138600,0.0,1.0
2012-04-27,13.64,13.64,13.03,13.13,13.13,251000,0.0,1.0
2012-04-26,13.69,13.84,13.2,13.59,13.59,95600,0.0,1.0
2012-04-25,13.85,13.98,13.62,13.82,13.82,262300,0.0,1.0
2012-04-24,14.1,14.14,13.58,13.78,13.78,217900,0.0,1.0
2012-04-23,13.98,13.9899,13.52,13.75,13.75,284900,0.0,1.0
2012-04-20,16.85,17.11,13.25,14.08,14.08,7461800,0.0,1.0
