timestamp,open,high,low,close,volume
2019-08-07 16:00:00,8.76,8.78,8.75,8.77,64854
2019-08-07 15:55:00,8.77,8.775,8.76,8.765,18370
2019-08-07 15:50:00,8.78,8.78,8.77,8.775,15043
2019-08-07 15:45:00,8.77,8.785,8.76,8.785,12349
2019-08-07 15:40:00,8.745,8.775,8.73,8.77,29016
2019-08-07 15:35:00,8.735,8.75,8.735,8.745,8479
2019-08-07 15:30:00,8.73,8.74,8.73,8.735,6042
2019-08-07 15:25:00,8.75,8.755,8.73,8.735,11129
2019-08-07 15:20:00,8.72,8.745,8.72,8.745,15072
2019-08-07 15:15:00,8.74,8.74,8.72,8.72,6718
2019-08-07 15:10:00,8.7465,8.755,8.74,8.745,9585
2019-08-07 15:05:00,8.79,8.79,8.74,8.74,15379
2019-08-07 15:00:00,8.77,8.78,8.765,8.78,4765
2019-08-07 14:55:00,8.77,8.77,8.765,8.765,3952
2019-08-07 14:50:00,8.77,8.8,8.765,8.765,69318
2019-08-07 14:45:00,8.765,8.77,8.765,8.77,41125
2019-08-07 14:40:00,8.77,8.77,8.76,8.76,5985
2019-08-07 14:35:00,8.76,8.765,8.76,8.765,2508
2019-08-07 14:30:00,8.755,8.77,8.755,8.76,6078
2019-08-07 14:25:00,8.745,8.755,8.745,8.755,2438
2019-08-07 14:20:00,8.76,8.77,8.74,8.74,11245
2019-08-07 14:15:00,8.765,8.77,8.76,8.77,25103
2019-08-07 14:10:00,8.775,8.78,8.76,8.765,10797
2019-08-07 14:05:00,8.765,8.78,8.76,8.775,5549
2019-08-07 14:00:00,8.76,8.77,8.76,8.77,4708
2019-08-07 13:55:00,8.77,8.775,8.77,8.77,5376
2019-08-07 13:50:00,8.775,8.775,8.765,8.77,3921
2019-08-07 13:45:00,8.765,8.785,8.765,8.775,12361
2019-08-07 13:40:00,8.76,8.765,8.76,8.765,1549
2019-08-07 13:35:00,8.705,8.755,8.705,8.755,7899
2019-08-07 13:30:00,8.725,8.725,8.7,8.705,21026
2019-08-07 13:25:00,8.725,8.73,8.695,8.7236,27451
2019-08-07 13:20:00,8.735,8.735,8.72,8.72,6358
2019-08-07 13:15:00,8.765,8.765,8.735,8.74,4294
2019-08-07 13:10:00,8.75,8.775,8.75,8.77,5969
2019-08-07 13:05:00,8.77,8.77,8.75,8.755,4587
2019-08-07 13:00:00,8.75,8.78,8.75,8.765,10029
2019-08-07 12:55:00,8.775,8.775,8.75,8.755,6729
2019-08-07 12:50:00,8.785,8.785,8.77,8.77,4966
2019-08-07 12:45:00,8.75,8.785,8.745,8.78,12008
2019-08-07 12:40:00,8.745,8.75,8.745,8.745,2728
2019-08-07 12:35:00,8.72,8.745,8.72,8.74,4055
2019-08-07 12:30:00,8.69,8.73,8.69,8.73,22420
2019-08-07 12:25:00,8.715,8.715,8.68,8.69,44476
2019-08-07 12:20:00,8.735,8.735,8.71,8.72,42031
2019-08-07 12:15:00,8.745,8.755,8.73,8.73,13497
2019-08-07 12:10:00,8.745,8.75,8.74,8.745,9273
2019-08-07 12:05:00,8.79,8.795,8.75,8.75,10558
2019-08-07 12:00:00,8.78,8.81,8.78,8.795,11965
2019-08-07 11:55:00,8.785,8.785,8.78,8.7844,2134
2019-08-07 11:50:00,8.81,8.81,8.78,8.7831,15932
2019-08-07 11:45:00,8.81,8.81,8.8,8.805,5797
2019-08-07 11:40:00,8.795,8.815,8.795,8.81,24266
2019-08-07 11:35:00,8.785,8.79,8.78,8.79,5748
2019-08-07 11:30:00,8.8,8.8174,8.7735,8.78,12608
2019-08-07 11:25:00,8.82,8.825,8.8,8.81,20364
2019-08-07 11:20:00,8.78,8.8132,8.77,8.81,15098
2019-08-07 11:15:00,8.795,8.82,8.7799,8.7799,380929
2019-08-07 11:10:00,8.835,8.84,8.79,8.8,29060
2019-08-07 11:05:00,8.835,8.84,8.8,8.84,50180
2019-08-07 11:00:00,8.825,8.84,8.82,8.8344,11703
2019-08-07 10:55:00,8.79,8.82,8.785,8.8175,14840
2019-08-07 10:50:00,8.78,8.79,8.77,8.785,14542
2019-08-07 10:45:00,8.81,8.815,8.78,8.78,9753
2019-08-07 10:40:00,8.79,8.82,8.785,8.82,12468
2019-08-07 10:35:00,8.75,8.79,8.73,8.78,22842
2019-08-07 10:30:00,8.74,8.77,8.735,8.75,20673
2019-08-07 10:25:00,8.715,8.74,8.7,8.73,20322
2019-08-07 10:20:00,8.69,8.74,8.69,8.71,12686
2019-08-07 10:15:00,8.675,8.7,8.675,8.695,3913
2019-08-07 10:10:00,8.6539,8.68,8.65,8.67,8235
2019-08-07 10:05:00,8.66,8.66,8.63,8.65,4531
2019-08-07 10:00:00,8.654,8.66,8.62,8.66,7940
2019-08-07 09:55:00,8.685,8.685,8.63,8.6575,19430
2019-08-07 09:50:00,8.695,8.71,8.66,8.69,18065
2019-08-07 09:45:00,8.69,8.7,8.66,8.7,15697
2019-08-07 09:40:00,8.59,8.69,8.59,8.68,40169
2019-08-07 09:35:00,8.53,8.67,8.53,8.6,27411
2019-08-06 16:00:00,8.655,8.66,8.65,8.66,76319
2019-08-06 15:55:00,8.655,8.66,8.65,8.65,15711
2019-08-06 15:50:00,8.645,8.66,8.64,8.65,40546
2019-08-06 15:45:00,8.665,8.6699,8.64,8.64,26173
2019-08-06 15:40:00,8.665,8.67,8.66,8.66,16357
2019-08-06 15:35:00,8.65,8.675,8.65,8.6699,11376
2019-08-06 15:30:00,8.6799,8.6799,8.64,8.655,31702
2019-08-06 15:25:00,8.685,8.69,8.67,8.67,16655
2019-08-06 15:20:00,8.695,8.7,8.68,8.69,15515
2019-08-06 15:15:00,8.68,8.7,8.68,8.695,5783
2019-08-06 15:10:00,8.695,8.7,8.685,8.685,3779
2019-08-06 15:05:00,8.685,8.695,8.68,8.69,9611
2019-08-06 15:00:00,8.691,8.7,8.68,8.68,6527
2019-08-06 14:55:00,8.705,8.73,8.7,8.7,9286
2019-08-06 14:50:00,8.69,8.7,8.68,8.7,10578
2019-08-06 14:45:00,8.69,8.7,8.685,8.7,6978
2019-08-06 14:40:00,8.68,8.69,8.68,8.68,2425
2019-08-06 14:35:00,8.66,8.69,8.65,8.685,20114
2019-08-06 14:30:00,8.665,8.675,8.66,8.665,4782
2019-08-06 14:25:00,8.645,8.67,8.6423,8.67,16640
2019-08-06 14:20:00,8.645,8.66,8.64,8.64,11536
2019-08-06 14:15:00,8.615,8.64,8.61,8.635,33970
2019-08-06 14:10:00,8.58,8.61,8.58,8.61,12124
2019-08-06 14:05:00,8.57,8.575,8.555,8.575,12496
2019-08-06 14:00:00,8.585,8.59,8.57,8.57,9771
2019-08-06 13:55:00,8.6,8.6,8.58,8.585,4209
2019-08-06 13:50:00,8.605,8.605,8.59,8.59,3482
2019-08-06 13:45:00,8.615,8.62,8.6,8.605,3214
2019-08-06 13:40:00,8.61,8.62,8.6,8.62,7315
2019-08-06 13:35:00,8.61,8.62,8.59,8.6,28293
2019-08-06 13:30:00,8.625,8.625,8.6,8.605,24852
2019-08-06 13:25:00,8.6206,8.63,8.62,8.625,12493
2019-08-06 13:20:00,8.655,8.655,8.62,8.62,9790
2019-08-06 13:15:00,8.665,8.665,8.65,8.65,6663
2019-08-06 13:10:00,8.655,8.67,8.65,8.66,7202
2019-08-06 13:05:00,8.645,8.66,8.64,8.66,4303
2019-08-06 13:00:00,8.63,8.65,8.625,8.645,8498
2019-08-06 12:55:00,8.63,8.63,8.62,8.62,5154
2019-08-06 12:50:00,8.645,8.645,8.63,8.64,3310
2019-08-06 12:45:00,8.66,8.66,8.64,8.64,6329
2019-08-06 12:40:00,8.645,8.66,8.645,8.655,3703
2019-08-06 12:35:00,8.66,8.66,8.63,8.64,16114
2019-08-06 12:30:00,8.67,8.675,8.66,8.665,4046
2019-08-06 12:25:00,8.6751,8.6751,8.64,8.67,13372
2019-08-06 12:20:00,8.69,8.695,8.66,8.67,4936
2019-08-06 12:15:00,8.68,8.7,8.67,8.7,13356
2019-08-06 12:10:00,8.66,8.67,8.655,8.67,4747
2019-08-06 12:05:00,8.71,8.7199,8.652,8.652,13449
2019-08-06 12:00:00,8.71,8.72,8.69,8.7,29892
2019-08-06 11:55:00,8.745,8.75,8.7,8.705,6386
2019-08-06 11:50:00,8.735,8.745,8.73,8.745,4564
2019-08-06 11:45:00,8.715,8.74,8.715,8.735,7407
2019-08-06 11:40:00,8.72,8.735,8.7,8.72,11860
2019-08-06 11:35:00,8.77,8.77,8.712,8.712,7577
2019-08-06 11:30:00,8.78,8.785,8.77,8.7717,10153
2019-08-06 11:25:00,8.745,8.785,8.74,8.785,25306
2019-08-06 11:20:00,8.78,8.78,8.73,8.74,8965
2019-08-06 11:15:00,8.8,8.8,8.78,8.78,8023
2019-08-06 11:10:00,8.795,8.815,8.785,8.8,10249
2019-08-06 11:05:00,8.82,8.82,8.79,8.795,6431
2019-08-06 11:00:00,8.79,8.83,8.79,8.83,4829
2019-08-06 10:55:00,8.77,8.795,8.77,8.795,8186
2019-08-06 10:50:00,8.8,8.805,8.75,8.76,10011
2019-08-06 10:45:00,8.82,8.82,8.795,8.8,3661
2019-08-06 10:40:00,8.84,8.845,8.82,8.82,7060
2019-08-06 10:35:00,8.83,8.85,8.82,8.84,3344
2019-08-06 10:30:00,8.84,8.855,8.83,8.83,5781
2019-08-06 10:25:00,8.855,8.855,8.8,8.84,15095
2019-08-06 10:20:00,8.85,8.87,8.85,8.85,6948
2019-08-06 10:15:00,8.91,8.91,8.84,8.85,13985
2019-08-06 10:10:00,8.98,8.98,8.92,8.92,10045
2019-08-06 10:05:00,9.0,9.0,8.95,8.975,16960
2019-08-06 10:00:00,8.99,9.0,8.98,8.99,6050
2019-08-06 09:55:00,8.96,8.99,8.96,8.99,10482
2019-08-06 09:50:00,8.98,8.98,8.925,8.96,12107
2019-08-06 09:45:00,9.02,9.05,8.97,8.99,7406
2019-08-06 09:40:00,9.06,9.09,9.01,9.02,24110
2019-08-06 09:35:00,9.06,9.11,9.02,9.07,25157
2019-08-05 16:00:00,8.875,8.88,8.8597,8.86,56501
2019-08-05 15:55:00,8.86,8.88,8.84,8.875,28298
2019-08-05 15:50:00,8.88,8.895,8.86,8.87,17700
2019-08-05 15:45:00,8.87,8.89,8.865,8.885,14666
2019-08-05 15:40:00,8.86,8.87,8.845,8.865,13263
2019-08-05 15:35:00,8.81,8.855,8.81,8.85,16603
2019-08-05 15:30:00,8.83,8.85,8.81,8.81,24207
2019-08-05 15:25:00,8.835,8.84,8.82,8.82,7657
2019-08-05 15:20:00,8.8035,8.83,8.785,8.83,16042
2019-08-05 15:15:00,8.78,8.81,8.78,8.805,6477
2019-08-05 15:10:00,8.78,8.78,8.765,8.77,5484
2019-08-05 15:05:00,8.785,8.8,8.78,8.78,7522
2019-08-05 15:00:00,8.8,8.8,8.78,8.785,2973
2019-08-05 14:55:00,8.79,8.8,8.79,8.79,5991
2019-08-05 14:50:00,8.79,8.81,8.785,8.8,4748
2019-08-05 14:45:00,8.795,8.8,8.7836,8.79,5127
2019-08-05 14:40:00,8.79,8.805,8.79,8.8,4723
2019-08-05 14:35:00,8.8083,8.81,8.78,8.79,7393
2019-08-05 14:30:00,8.8,8.805,8.78,8.8,10022
2019-08-05 14:25:00,8.82,8.825,8.805,8.81,5846
2019-08-05 14:20:00,8.81,8.83,8.81,8.82,6601
2019-08-05 14:15:00,8.79,8.82,8.79,8.815,5409
2019-08-05 14:10:00,8.79,8.795,8.78,8.795,3844
2019-08-05 14:05:00,8.795,8.8001,8.78,8.79,8326
2019-08-05 14:00:00,8.8,8.8,8.7801,8.79,7197
2019-08-05 13:55:00,8.8,8.805,8.79,8.79,2709
2019-08-05 13:50:00,8.825,8.825,8.8,8.8001,5758
2019-08-05 13:45:00,8.87,8.88,8.83,8.83,5776
2019-08-05 13:40:00,8.86,8.87,8.85,8.87,3999
2019-08-05 13:35:00,8.86,8.865,8.85,8.85,2119
2019-08-05 13:30:00,8.885,8.885,8.86,8.87,2435
2019-08-05 13:25:00,8.905,8.905,8.88,8.88,7231
2019-08-05 13:20:00,8.905,8.92,8.9,8.9,3958
2019-08-05 13:15:00,8.93,8.93,8.91,8.91,3856
2019-08-05 13:10:00,8.9,8.925,8.9,8.925,11812
2019-08-05 13:05:00,8.92,8.93,8.9,8.9,10435
2019-08-05 13:00:00,8.95,8.95,8.92,8.92,16861
2019-08-05 12:55:00,8.975,8.985,8.955,8.955,22037
2019-08-05 12:50:00,8.945,8.985,8.94,8.97,79307
2019-08-05 12:45:00,8.94,8.95,8.93,8.94,12378
2019-08-05 12:40:00,8.92,8.95,8.92,8.95,11685
2019-08-05 12:35:00,8.925,8.935,8.92,8.925,10319
2019-08-05 12:30:00,8.94,8.945,8.915,8.925,9119
2019-08-05 12:25:00,8.93,8.94,8.92,8.935,7254
2019-08-05 12:20:00,8.905,8.93,8.905,8.93,9363
2019-08-05 12:15:00,8.89,8.905,8.88,8.905,6768
2019-08-05 12:10:00,8.88,8.9,8.88,8.895,4355
2019-08-05 12:05:00,8.9,8.9,8.865,8.88,17158
2019-08-05 12:00:00,8.9,8.905,8.89,8.9,6612
2019-08-05 11:55:00,8.86,8.9,8.85,8.895,10427
2019-08-05 11:50:00,8.855,8.87,8.845,8.85,11289
2019-08-05 11:45:00,8.86,8.87,8.85,8.855,9553
2019-08-05 11:40:00,8.855,8.87,8.855,8.86,5200
2019-08-05 11:35:00,8.85,8.855,8.83,8.85,4549
2019-08-05 11:30:00,8.83,8.855,8.83,8.855,6677
2019-08-05 11:25:00,8.8373,8.85,8.82,8.825,5023
2019-08-05 11:20:00,8.855,8.855,8.84,8.84,5186
2019-08-05 11:15:00,8.845,8.865,8.84,8.855,5826
2019-08-05 11:10:00,8.8,8.83,8.8,8.83,7733
2019-08-05 11:05:00,8.815,8.82,8.8,8.8,6665
2019-08-05 11:00:00,8.8,8.81,8.78,8.81,7421
2019-08-05 10:55:00,8.77,8.82,8.755,8.81,13015
2019-08-05 10:50:00,8.73,8.785,8.73,8.77,8462
2019-08-05 10:45:00,8.73,8.74,8.72,8.725,18395
2019-08-05 10:40:00,8.71,8.735,8.71,8.735,7718
2019-08-05 10:35:00,8.72,8.72,8.69,8.72,19129
2019-08-05 10:30:00,8.675,8.725,8.675,8.725,31649
2019-08-05 10:25:00,8.75,8.75,8.67,8.68,55591
2019-08-05 10:20:00,8.685,8.76,8.675,8.75,77062
2019-08-05 10:15:00,8.69,8.6965,8.6843,8.685,46718
2019-08-05 10:10:00,8.67,8.69,8.64,8.69,20625
2019-08-05 10:05:00,8.695,8.701,8.665,8.675,9729
2019-08-05 10:00:00,8.71,8.73,8.7,8.71,15171
2019-08-05 09:55:00,8.75,8.75,8.69,8.71,16847
2019-08-05 09:50:00,8.84,8.84,8.755,8.755,20012
2019-08-05 09:45:00,8.84,8.845,8.8,8.845,2788
2019-08-05 09:40:00,8.84,8.85,8.8,8.8475,9097
2019-08-05 09:35:00,8.89,8.91,8.7523,8.83,37501
2019-08-02 16:00:00,9.14,9.17,9.14,9.15,43552
2019-08-02 15:55:00,9.15,9.15,9.13,9.13,17025
2019-08-02 15:50:00,9.13,9.15,9.12,9.145,15095
2019-08-02 15:45:00,9.14,9.15,9.12,9.13,10094
2019-08-02 15:40:00,9.115,9.14,9.11,9.14,12139
2019-08-02 15:35:00,9.13,9.135,9.11,9.115,12201
2019-08-02 15:30:00,9.13,9.145,9.13,9.135,5688
2019-08-02 15:25:00,9.115,9.14,9.115,9.135,5716
2019-08-02 15:20:00,9.09,9.12,9.085,9.11,9224
2019-08-02 15:15:00,9.1,9.1,9.07,9.09,16740
2019-08-02 15:10:00,9.1,9.11,9.09,9.095,5232
2019-08-02 15:05:00,9.105,9.1072,9.09,9.1,5081
2019-08-02 15:00:00,9.11,9.11,9.09,9.11,11000
2019-08-02 14:55:00,9.11,9.115,9.1,9.1,5995
2019-08-02 14:50:00,9.12,9.135,9.11,9.11,8918
2019-08-02 14:45:00,9.12,9.13,9.12,9.125,4998
2019-08-02 14:40:00,9.11,9.125,9.1,9.125,7496
2019-08-02 14:35:00,9.11,9.13,9.11,9.12,4578
2019-08-02 14:30:00,9.11,9.12,9.1,9.115,7205
2019-08-02 14:25:00,9.09,9.115,9.08,9.11,20630
2019-08-02 14:20:00,9.1,9.11,9.09,9.09,4899
2019-08-02 14:15:00,9.11,9.11,9.095,9.105,5012
2019-08-02 14:10:00,9.115,9.13,9.11,9.11,3724
2019-08-02 14:05:00,9.095,9.125,9.08,9.12,12629
2019-08-02 14:00:00,9.09,9.095,9.09,9.095,2158
2019-08-02 13:55:00,9.12,9.12,9.09,9.095,4035
2019-08-02 13:50:00,9.12,9.1299,9.12,9.12,2807
2019-08-02 13:45:00,9.14,9.145,9.125,9.125,12560
2019-08-02 13:40:00,9.135,9.14,9.13,9.135,1986
2019-08-02 13:35:00,9.135,9.135,9.13,9.135,502
2019-08-02 13:30:00,9.14,9.145,9.11,9.135,5549
2019-08-02 13:25:00,9.125,9.15,9.125,9.14,3700
2019-08-02 13:20:00,9.12,9.125,9.12,9.1224,3057
2019-08-02 13:15:00,9.105,9.12,9.105,9.12,2265
2019-08-02 13:10:00,9.11,9.11,9.1,9.105,1171
2019-08-02 13:05:00,9.09,9.12,9.09,9.11,5233
2019-08-02 13:00:00,9.1,9.11,9.09,9.09,8017
2019-08-02 12:55:00,9.105,9.11,9.1,9.1,1712
2019-08-02 12:50:00,9.1,9.11,9.1,9.11,2877
2019-08-02 12:45:00,9.105,9.115,9.1,9.11,6188
2019-08-02 12:40:00,9.12,9.125,9.105,9.105,5483
2019-08-02 12:35:00,9.12,9.13,9.12,9.12,1423
2019-08-02 12:30:00,9.145,9.145,9.1175,9.125,5745
2019-08-02 12:25:00,9.14,9.155,9.14,9.145,5191
2019-08-02 12:20:00,9.125,9.14,9.125,9.14,6591
2019-08-02 12:15:00,9.13,9.13,9.125,9.13,2814
2019-08-02 12:10:00,9.125,9.125,9.1,9.125,4588
2019-08-02 12:05:00,9.135,9.135,9.115,9.125,7184
2019-08-02 12:00:00,9.135,9.14,9.13,9.135,2497
2019-08-02 11:55:00,9.11,9.14,9.09,9.14,5214
2019-08-02 11:50:00,9.07,9.1181,9.06,9.105,28331
2019-08-02 11:45:00,9.055,9.075,9.05,9.075,13408
2019-08-02 11:40:00,9.055,9.09,9.045,9.055,14499
2019-08-02 11:35:00,9.045,9.065,9.0438,9.055,14119
2019-08-02 11:30:00,9.02,9.045,9.02,9.045,2698
2019-08-02 11:25:00,9.04,9.05,9.015,9.02,11771
2019-08-02 11:20:00,8.995,9.04,8.99,9.04,6272
2019-08-02 11:15:00,8.955,9.0,8.95,8.995,13003
2019-08-02 11:10:00,8.945,8.96,8.94,8.96,11413
2019-08-02 11:05:00,8.95,8.96,8.93,8.94,13573
2019-08-02 11:00:00,8.975,8.99,8.95,8.9577,14223
2019-08-02 10:55:00,9.04,9.04,8.97,8.975,15741
2019-08-02 10:50:00,9.075,9.1,9.04,9.04,9260
2019-08-02 10:45:00,9.065,9.08,9.065,9.075,5988
2019-08-02 10:40:00,9.065,9.07,9.05,9.07,18158
2019-08-02 10:35:00,9.08,9.08,9.05,9.065,13208
2019-08-02 10:30:00,9.075,9.09,9.065,9.08,6426
2019-08-02 10:25:00,9.08,9.08,9.055,9.075,8253
2019-08-02 10:20:00,9.065,9.092,9.065,9.08,13100
2019-08-02 10:15:00,9.055,9.0784,9.03,9.07,32148
2019-08-02 10:10:00,9.07,9.07,9.03,9.055,3754
2019-08-02 10:05:00,9.07,9.1,9.04,9.06,4848
2019-08-02 10:00:00,9.17,9.17,9.07,9.07,1764
2019-08-02 09:55:00,9.19,9.21,9.15,9.18,6276
2019-08-02 09:50:00,9.1,9.16,9.09,9.14,8671
2019-08-02 09:45:00,9.16,9.16,9.07,9.1,6416
2019-08-02 09:40:00,9.08,9.17,9.01,9.17,11055
2019-08-02 09:35:00,9.19,9.19,9.1,9.11,11845
2019-08-01 16:00:00,9.22,9.25,9.22,9.25,65068
2019-08-01 15:55:00,9.23,9.23,9.205,9.225,37991
2019-08-01 15:50:00,9.255,9.26,9.235,9.24,30908
2019-08-01 15:45:00,9.27,9.275,9.25,9.26,23347
2019-08-01 15:40:00,9.22,9.27,9.21,9.27,20623
2019-08-01 15:35:00,9.22,9.235,9.2,9.22,24572
2019-08-01 15:30:00,9.205,9.23,9.175,9.23,26534
2019-08-01 15:25:00,9.155,9.21,9.145,9.2,13741
2019-08-01 15:20:00,9.135,9.175,9.125,9.15,25109
2019-08-01 15:15:00,9.16,9.16,9.12,9.135,13334
2019-08-01 15:10:00,9.17,9.18,9.15,9.155,14947
2019-08-01 15:05:00,9.16,9.17,9.13,9.165,18375
2019-08-01 15:00:00,9.14,9.16,9.11,9.16,7353
2019-08-01 14:55:00,9.13,9.15,9.13,9.14,15715
2019-08-01 14:50:00,9.07,9.125,9.065,9.125,6884
2019-08-01 14:45:00,9.095,9.115,9.065,9.07,22065
2019-08-01 14:40:00,9.09,9.105,9.08,9.095,8935
2019-08-01 14:35:00,9.12,9.125,9.075,9.09,16530
2019-08-01 14:30:00,9.06,9.13,9.06,9.125,15414
2019-08-01 14:25:00,9.08,9.08,9.05,9.055,8022
2019-08-01 14:20:00,9.13,9.14,9.07,9.09,14059
2019-08-01 14:15:00,9.15,9.15,9.09,9.13,16478
2019-08-01 14:10:00,9.175,9.19,9.135,9.15,11435
2019-08-01 14:05:00,9.215,9.22,9.18,9.18,11385
2019-08-01 14:00:00,9.165,9.215,9.15,9.215,13301
2019-08-01 13:55:00,9.24,9.24,9.131,9.16,18649
2019-08-01 13:50:00,9.15,9.24,9.15,9.22,14183
2019-08-01 13:45:00,9.2,9.22,9.14,9.145,24563
2019-08-01 13:40:00,9.3,9.3,9.23,9.23,23607
2019-08-01 13:35:00,9.38,9.4,9.3147,9.3147,12375
2019-08-01 13:30:00,9.475,9.48,9.36,9.365,35111
2019-08-01 13:25:00,9.475,9.48,9.47,9.475,3125
2019-08-01 13:20:00,9.495,9.495,9.47,9.475,16509
2019-08-01 13:15:00,9.515,9.515,9.485,9.49,10123
2019-08-01 13:10:00,9.515,9.52,9.5139,9.52,7328
2019-08-01 13:05:00,9.505,9.52,9.5,9.515,5561
2019-08-01 13:00:00,9.49,9.51,9.49,9.505,6403
2019-08-01 12:55:00,9.495,9.5,9.4901,9.495,2555
2019-08-01 12:50:00,9.505,9.54,9.495,9.495,12632
2019-08-01 12:45:00,9.5,9.505,9.49,9.505,7997
2019-08-01 12:40:00,9.495,9.5,9.4944,9.5,5311
2019-08-01 12:35:00,9.495,9.5,9.49,9.5,9546
2019-08-01 12:30:00,9.47,9.495,9.47,9.495,6141
2019-08-01 12:25:00,9.47,9.475,9.445,9.47,8972
2019-08-01 12:20:00,9.435,9.47,9.435,9.47,7611
2019-08-01 12:15:00,9.45,9.46,9.43,9.435,19717
2019-08-01 12:10:00,9.47,9.48,9.445,9.445,11756
2019-08-01 12:05:00,9.45,9.47,9.445,9.465,4167
2019-08-01 12:00:00,9.439,9.4448,9.4,9.4448,11431
2019-08-01 11:55:00,9.435,9.44,9.43,9.435,3256
2019-08-01 11:50:00,9.41,9.44,9.4,9.435,10755
2019-08-01 11:45:00,9.42,9.43,9.395,9.41,23197
2019-08-01 11:40:00,9.43,9.44,9.4,9.42,9115
2019-08-01 11:35:00,9.485,9.485,9.42,9.43,18181
2019-08-01 11:30:00,9.475,9.49,9.47,9.485,14240
2019-08-01 11:25:00,9.435,9.48,9.43,9.48,12622
2019-08-01 11:20:00,9.495,9.505,9.44,9.44,18821
2019-08-01 11:15:00,9.5,9.51,9.49,9.495,13253
2019-08-01 11:10:00,9.515,9.52,9.49,9.495,15183
2019-08-01 11:05:00,9.495,9.53,9.47,9.515,74313
2019-08-01 11:00:00,9.4965,9.5,9.49,9.495,7716
2019-08-01 10:55:00,9.46,9.52,9.46,9.49,17033
2019-08-01 10:50:00,9.45,9.46,9.44,9.455,11300
2019-08-01 10:45:00,9.455,9.46,9.45,9.455,8710
2019-08-01 10:40:00,9.455,9.47,9.435,9.455,22372
2019-08-01 10:35:00,9.44,9.5,9.435,9.46,19281
2019-08-01 10:30:00,9.44,9.45,9.43,9.44,16491
2019-08-01 10:25:00,9.4497,9.4497,9.43,9.44,7816
2019-08-01 10:20:00,9.43,9.45,9.425,9.445,10270
2019-08-01 10:15:00,9.44,9.445,9.425,9.425,8641
2019-08-01 10:10:00,9.403,9.43,9.403,9.43,17919
2019-08-01 10:05:00,9.435,9.45,9.41,9.41,13957
2019-08-01 10:00:00,9.435,9.45,9.43,9.44,21225
2019-08-01 09:55:00,9.49,9.5,9.435,9.44,23632
2019-08-01 09:50:00,9.4,9.5,9.4,9.48,74603
2019-08-01 09:45:00,9.345,9.42,9.33,9.41,51025
2019-08-01 09:40:00,9.29,9.37,9.27,9.34,21744
2019-08-01 09:35:00,9.21,9.29,9.03,9.28,66971
2019-07-31 16:00:00,9.26,9.26,9.22,9.23,190554
2019-07-31 15:55:00,9.29,9.3,9.26,9.26,66128
2019-07-31 15:50:00,9.3,9.3,9.28,9.295,39945
2019-07-31 15:45:00,9.29,9.3,9.28,9.3,44695
2019-07-31 15:40:00,9.2575,9.3,9.25,9.29,36766
2019-07-31 15:35:00,9.275,9.28,9.25,9.25,36979
2019-07-31 15:30:00,9.27,9.29,9.27,9.275,14767
2019-07-31 15:25:00,9.275,9.29,9.265,9.27,13948
2019-07-31 15:20:00,9.265,9.29,9.235,9.28,29793
2019-07-31 15:15:00,9.26,9.275,9.2446,9.27,26570
2019-07-31 15:10:00,9.22,9.29,9.215,9.265,35070
2019-07-31 15:05:00,9.195,9.24,9.17,9.2141,19945
2019-07-31 15:00:00,9.115,9.2,9.115,9.19,17958
2019-07-31 14:55:00,9.14,9.18,8.98,9.11,83807
2019-07-31 14:50:00,9.27,9.27,9.145,9.15,97538
2019-07-31 14:45:00,9.33,9.34,9.24,9.27,104544
2019-07-31 14:40:00,9.405,9.41,9.33,9.335,26663
2019-07-31 14:35:00,9.375,9.42,9.375,9.41,40548
2019-07-31 14:30:00,9.38,9.39,9.37,9.375,24648
2019-07-31 14:25:00,9.36,9.38,9.355,9.375,14093
2019-07-31 14:20:00,9.385,9.39,9.35,9.355,15709
2019-07-31 14:15:00,9.385,9.39,9.37,9.39,23854
2019-07-31 14:10:00,9.37,9.39,9.37,9.385,23327
2019-07-31 14:05:00,9.38,9.395,9.36,9.365,35051
2019-07-31 14:00:00,9.385,9.4,9.385,9.395,16534
2019-07-31 13:55:00,9.385,9.39,9.38,9.385,12429
2019-07-31 13:50:00,9.39,9.39,9.385,9.385,2891
2019-07-31 13:45:00,9.36,9.385,9.36,9.385,14027
2019-07-31 13:40:00,9.38,9.38,9.36,9.37,15393
2019-07-31 13:35:00,9.38,9.38,9.37,9.38,5080
2019-07-31 13:30:00,9.38,9.38,9.36,9.38,10927
2019-07-31 13:25:00,9.385,9.385,9.36,9.37,16162
2019-07-31 13:20:00,9.38,9.39,9.38,9.38,5985
2019-07-31 13:15:00,9.38,9.39,9.38,9.385,11916
2019-07-31 13:10:00,9.395,9.4,9.38,9.385,23051
2019-07-31 13:05:00,9.395,9.4,9.39,9.4,11451
2019-07-31 13:00:00,9.39,9.4,9.39,9.395,5766
2019-07-31 12:55:00,9.4,9.405,9.39,9.395,17286
2019-07-31 12:50:00,9.375,9.4,9.37,9.395,24277
2019-07-31 12:45:00,9.375,9.38,9.37,9.38,5617
2019-07-31 12:40:00,9.38,9.38,9.375,9.375,1534
2019-07-31 12:35:00,9.37,9.38,9.37,9.375,4895
2019-07-31 12:30:00,9.37,9.38,9.37,9.38,10364
2019-07-31 12:25:00,9.341,9.3687,9.341,9.3687,6573
2019-07-31 12:20:00,9.35,9.36,9.35,9.35,6560
2019-07-31 12:15:00,9.365,9.38,9.355,9.36,16885
2019-07-31 12:10:00,9.385,9.385,9.36,9.365,17922
2019-07-31 12:05:00,9.355,9.39,9.35,9.39,14247
2019-07-31 12:00:00,9.38,9.38,9.35,9.355,18518
2019-07-31 11:55:00,9.375,9.38,9.3707,9.38,10476
2019-07-31 11:50:00,9.345,9.385,9.345,9.37,48329
2019-07-31 11:45:00,9.37,9.37,9.34,9.35,10306
2019-07-31 11:40:00,9.36,9.375,9.36,9.37,3806
2019-07-31 11:35:00,9.325,9.38,9.325,9.365,29354
2019-07-31 11:30:00,9.35,9.36,9.33,9.335,9900
2019-07-31 11:25:00,9.34,9.355,9.33,9.355,13353
2019-07-31 11:20:00,9.355,9.38,9.33,9.335,20606
2019-07-31 11:15:00,9.365,9.385,9.35,9.35,46625
2019-07-31 11:10:00,9.4,9.4,9.32,9.3601,54475
2019-07-31 11:05:00,9.47,9.48,9.41,9.41,51540
2019-07-31 11:00:00,9.47,9.48,9.47,9.48,8136
2019-07-31 10:55:00,9.48,9.48,9.47,9.48,4309
2019-07-31 10:50:00,9.49,9.49,9.47,9.475,18392
2019-07-31 10:45:00,9.44,9.49,9.43,9.4801,11754
2019-07-31 10:40:00,9.365,9.43,9.365,9.43,18925
2019-07-31 10:35:00,9.41,9.42,9.36,9.36,28826
2019-07-31 10:30:00,9.4,9.417,9.39,9.405,18038
2019-07-31 10:25:00,9.395,9.425,9.395,9.4,20555
2019-07-31 10:20:00,9.43,9.44,9.39,9.395,19149
2019-07-31 10:15:00,9.515,9.53,9.4,9.43,50031
2019-07-31 10:10:00,9.54,9.54,9.51,9.52,10261
2019-07-31 10:05:00,9.56,9.57,9.52,9.55,23400
2019-07-31 10:00:00,9.525,9.595,9.52,9.57,39618
2019-07-31 09:55:00,9.48,9.52,9.46,9.52,49811
2019-07-31 09:50:00,9.48,9.525,9.48,9.485,14742
2019-07-31 09:45:00,9.44,9.48,9.42,9.4722,33764
2019-07-31 09:40:00,9.55,9.64,9.43,9.43,35737
2019-07-31 09:35:00,9.55,9.63,9.39,9.56,122233
2019-07-30 16:00:00,9.765,9.78,9.755,9.775,133667
2019-07-30 15:55:00,9.755,9.77,9.74,9.765,67233
2019-07-30 15:50:00,9.755,9.76,9.74,9.76,39015
2019-07-30 15:45:00,9.725,9.78,9.72,9.75,91255
2019-07-30 15:40:00,9.715,9.73,9.7,9.725,40899
2019-07-30 15:35:00,9.71,9.73,9.71,9.715,34597
2019-07-30 15:30:00,9.695,9.74,9.69,9.72,40854
2019-07-30 15:25:00,9.68,9.71,9.68,9.69,38449
2019-07-30 15:20:00,9.7042,9.7042,9.64,9.675,50831
2019-07-30 15:15:00,9.715,9.725,9.7,9.705,29833
2019-07-30 15:10:00,9.732,9.732,9.7,9.715,55118
2019-07-30 15:05:00,9.685,9.74,9.6836,9.735,44432
2019-07-30 15:00:00,9.68,9.69,9.68,9.69,7766
2019-07-30 14:55:00,9.695,9.7,9.68,9.683,25487
2019-07-30 14:50:00,9.66,9.69,9.66,9.685,17494
2019-07-30 14:45:00,9.635,9.665,9.63,9.665,20590
2019-07-30 14:40:00,9.63,9.635,9.6224,9.6316,22682
2019-07-30 14:35:00,9.605,9.6261,9.605,9.6261,21749
2019-07-30 14:30:00,9.605,9.605,9.59,9.605,31788
2019-07-30 14:25:00,9.595,9.6,9.57,9.57,14126
2019-07-30 14:20:00,9.62,9.6281,9.605,9.61,19311
2019-07-30 14:15:00,9.61,9.625,9.6,9.625,32705
2019-07-30 14:10:00,9.625,9.64,9.621,9.625,15098
2019-07-30 14:05:00,9.615,9.62,9.6132,9.62,33670
2019-07-30 14:00:00,9.575,9.62,9.575,9.61,31571
2019-07-30 13:55:00,9.555,9.575,9.555,9.575,23263
2019-07-30 13:50:00,9.55,9.56,9.545,9.56,13654
2019-07-30 13:45:00,9.52,9.55,9.515,9.535,25919
2019-07-30 13:40:00,9.5,9.515,9.495,9.51,59710
2019-07-30 13:35:00,9.465,9.5,9.465,9.5,14362
2019-07-30 13:30:00,9.42,9.47,9.42,9.465,34651
2019-07-30 13:25:00,9.415,9.46,9.41,9.43,33768
2019-07-30 13:20:00,9.46,9.46,9.41,9.415,30358
2019-07-30 13:15:00,9.44,9.48,9.44,9.46,49881
2019-07-30 13:10:00,9.44,9.46,9.44,9.4416,17490
2019-07-30 13:05:00,9.42,9.435,9.42,9.425,27250
2019-07-30 13:00:00,9.43,9.46,9.42,9.425,116706
2019-07-30 12:55:00,9.42,9.43,9.39,9.43,28242
2019-07-30 12:50:00,9.415,9.435,9.415,9.43,19752
2019-07-30 12:45:00,9.44,9.44,9.3816,9.42,34277
2019-07-30 12:40:00,9.41,9.44,9.405,9.435,31406
2019-07-30 12:35:00,9.4,9.41,9.395,9.41,34601
2019-07-30 12:30:00,9.385,9.39,9.38,9.39,6362
2019-07-30 12:25:00,9.41,9.41,9.38,9.38,32461
2019-07-30 12:20:00,9.395,9.41,9.395,9.405,18184
2019-07-30 12:15:00,9.385,9.3975,9.38,9.3975,36033
2019-07-30 12:10:00,9.3,9.39,9.3,9.38,94574
2019-07-30 12:05:00,9.33,9.35,9.3065,9.3065,32422
2019-07-30 12:00:00,9.26,9.34,9.25,9.33,135899
2019-07-30 11:55:00,9.28,9.2877,9.25,9.25,32866
2019-07-30 11:50:00,9.28,9.29,9.26,9.275,41203
2019-07-30 11:45:00,9.215,9.29,9.215,9.2778,37845
2019-07-30 11:40:00,9.195,9.21,9.17,9.205,28964
2019-07-30 11:35:00,9.22,9.25,9.17,9.2,59662
2019-07-30 11:30:00,9.2,9.25,9.2,9.22,52763
2019-07-30 11:25:00,9.14,9.2,9.14,9.195,21068
2019-07-30 11:20:00,9.105,9.145,9.105,9.1384,27365
2019-07-30 11:15:00,9.105,9.145,9.105,9.105,23644
2019-07-30 11:10:00,9.1017,9.11,9.08,9.1045,37298
2019-07-30 11:05:00,9.125,9.165,9.1,9.1,44907
2019-07-30 11:00:00,9.165,9.18,9.11,9.125,63754
2019-07-30 10:55:00,9.11,9.165,9.09,9.165,33714
2019-07-30 10:50:00,9.21,9.23,9.07,9.12,61774
2019-07-30 10:45:00,9.29,9.29,9.21,9.22,36526
2019-07-30 10:40:00,9.28,9.3,9.24,9.295,45612
2019-07-30 10:35:00,9.17,9.29,9.17,9.28,59105
2019-07-30 10:30:00,9.24,9.24,9.16,9.17,34288
2019-07-30 10:25:00,9.28,9.29,9.22,9.24,49647
2019-07-30 10:20:00,9.24,9.32,9.19,9.28,68744
2019-07-30 10:15:00,9.2319,9.243,9.2319,9.24,91788
2019-07-30 10:10:00,9.23,9.29,9.21,9.23,196781
2019-07-30 10:05:00,9.13,9.15,9.13,9.15,43668
2019-07-30 10:00:00,9.135,9.1998,9.08,9.135,83079
2019-07-30 09:55:00,9.04,9.14,8.915,9.13,91731
2019-07-30 09:50:00,9.04,9.15,9.0,9.025,110515
2019-07-30 09:45:00,8.9,9.11,8.8236,9.01,80074
2019-07-30 09:40:00,8.765,8.92,8.73,8.9,66366
2019-07-30 09:35:00,8.4,9.13,8.0665,8.765,139191
2019-07-29 16:00:00,8.19,8.2,8.18,8.2,85435
2019-07-29 15:55:00,8.2,8.2,8.18,8.19,49587
2019-07-29 15:50:00,8.1599,8.21,8.1535,8.2,56168
2019-07-29 15:45:00,8.095,8.16,8.09,8.16,98818
2019-07-29 15:40:00,8.09,8.1,8.09,8.1,5750
2019-07-29 15:35:00,8.09,8.1,8.09,8.095,4154
2019-07-29 15:30:00,8.0956,8.1,8.09,8.09,5191
2019-07-29 15:25:00,8.095,8.095,8.09,8.095,2176
2019-07-29 15:20:00,8.08,8.1,8.07,8.09,29218
2019-07-29 15:15:00,8.08,8.08,8.07,8.08,2133
2019-07-29 15:10:00,8.08,8.08,8.07,8.08,2067
2019-07-29 15:05:00,8.08,8.08,8.075,8.08,839
2019-07-29 15:00:00,8.07,8.08,8.0699,8.075,4051
2019-07-29 14:55:00,8.0699,8.07,8.06,8.065,6522
2019-07-29 14:50:00,8.0699,8.07,8.06,8.07,6712
2019-07-29 14:45:00,8.08,8.08,8.06,8.065,14154
2019-07-29 14:40:00,8.075,8.08,8.07,8.08,1000
2019-07-29 14:35:00,8.075,8.08,8.075,8.08,3173
2019-07-29 14:30:00,8.075,8.08,8.075,8.075,1212
2019-07-29 14:25:00,8.065,8.075,8.065,8.075,8165
2019-07-29 14:20:00,8.065,8.07,8.06,8.065,981
2019-07-29 14:15:00,8.07,8.07,8.065,8.07,1238
2019-07-29 14:10:00,8.07,8.07,8.05,8.07,8041
2019-07-29 14:05:00,8.05,8.07,8.05,8.07,14213
2019-07-29 14:00:00,8.05,8.07,8.04,8.0515,46218
2019-07-29 13:55:00,8.085,8.085,8.05,8.055,35103
2019-07-29 13:50:00,8.1,8.1,8.0802,8.085,12958
2019-07-29 13:45:00,8.115,8.12,8.095,8.095,13407
2019-07-29 13:40:00,8.12,8.13,8.11,8.115,30503
2019-07-29 13:35:00,8.095,8.12,8.095,8.12,11071
2019-07-29 13:30:00,8.12,8.12,8.095,8.095,11540
2019-07-29 13:25:00,8.12,8.12,8.115,8.12,1089
2019-07-29 13:20:00,8.12,8.12,8.11,8.11,4451
2019-07-29 13:15:00,8.12,8.12,8.115,8.1174,1149
2019-07-29 13:10:00,8.12,8.12,8.11,8.11,7275
2019-07-29 13:05:00,8.115,8.12,8.115,8.115,1271
2019-07-29 13:00:00,8.12,8.12,8.11,8.12,1609
2019-07-29 12:55:00,8.12,8.12,8.115,8.115,3442
2019-07-29 12:50:00,8.125,8.13,8.125,8.13,791
2019-07-29 12:45:00,8.13,8.13,8.12,8.13,884
2019-07-29 12:40:00,8.13,8.135,8.12,8.12,5059
2019-07-29 12:35:00,8.13,8.14,8.13,8.14,2135
2019-07-29 12:30:00,8.1265,8.13,8.1265,8.13,1115
2019-07-29 12:25:00,8.12,8.13,8.12,8.13,2549
2019-07-29 12:20:00,8.12,8.12,8.11,8.12,825
2019-07-29 12:15:00,8.135,8.135,8.12,8.12,5809
2019-07-29 12:10:00,8.15,8.15,8.13,8.14,3596
2019-07-29 12:05:00,8.14,8.14,8.14,8.14,3583
2019-07-29 12:00:00,8.14,8.15,8.14,8.15,3394
2019-07-29 11:55:00,8.155,8.155,8.13,8.13,9495
2019-07-29 11:50:00,8.1456,8.16,8.1456,8.16,6029
2019-07-29 11:45:00,8.145,8.15,8.14,8.145,3068
2019-07-29 11:40:00,8.14,8.15,8.14,8.15,1203
2019-07-29 11:35:00,8.14,8.145,8.14,8.14,4296
2019-07-29 11:30:00,8.18,8.18,8.16,8.16,4664
2019-07-29 11:25:00,8.18,8.18,8.17,8.17,5008
2019-07-29 11:20:00,8.1608,8.17,8.1608,8.17,2417
2019-07-29 11:15:00,8.16,8.185,8.15,8.16,22691
2019-07-29 11:10:00,8.16,8.16,8.1501,8.16,4393
2019-07-29 11:05:00,8.1536,8.16,8.15,8.155,3263
2019-07-29 11:00:00,8.145,8.1518,8.14,8.1518,4937
2019-07-29 10:55:00,8.1382,8.145,8.135,8.14,6523
2019-07-29 10:50:00,8.12,8.135,8.12,8.13,8480
2019-07-29 10:45:00,8.095,8.12,8.095,8.12,3607
2019-07-29 10:40:00,8.11,8.11,8.09,8.09,2605
2019-07-29 10:35:00,8.12,8.12,8.11,8.115,565
2019-07-29 10:30:00,8.12,8.13,8.115,8.12,6274
2019-07-29 10:25:00,8.095,8.115,8.095,8.115,5360
2019-07-29 10:20:00,8.1,8.11,8.09,8.1,3025
2019-07-29 10:15:00,8.1,8.11,8.09,8.1,23573
2019-07-29 10:10:00,8.1,8.1,8.07,8.1,20526
2019-07-29 10:05:00,8.16,8.16,8.1,8.11,9183
2019-07-29 10:00:00,8.21,8.21,8.15,8.165,16665
2019-07-29 09:55:00,8.22,8.23,8.2,8.21,146432
2019-07-29 09:50:00,8.21,8.2297,8.21,8.22,2598
2019-07-29 09:45:00,8.25,8.25,8.2,8.21,9990
2019-07-29 09:40:00,8.205,8.26,8.205,8.25,16167
2019-07-29 09:35:00,8.2,8.2334,8.2,8.21,15623
2019-07-26 16:00:00,8.19,8.2,8.18,8.2,61374
2019-07-26 15:55:00,8.185,8.19,8.17,8.1861,24419
2019-07-26 15:50:00,8.19,8.19,8.18,8.185,14650
2019-07-26 15:45:00,8.19,8.19,8.1835,8.19,10418
2019-07-26 15:40:00,8.185,8.19,8.18,8.19,7891
2019-07-26 15:35:00,8.17,8.19,8.17,8.1801,21832
2019-07-26 15:30:00,8.165,8.175,8.165,8.17,9555
2019-07-26 15:25:00,8.17,8.17,8.16,8.165,6361
2019-07-26 15:20:00,8.17,8.17,8.165,8.165,1797
2019-07-26 15:15:00,8.17,8.17,8.16,8.165,3722
2019-07-26 15:10:00,8.16,8.18,8.16,8.165,18822
2019-07-26 15:05:00,8.149,8.16,8.14,8.155,8677
2019-07-26 15:00:00,8.15,8.15,8.145,8.15,1629
2019-07-26 14:55:00,8.14,8.15,8.13,8.15,3309
2019-07-26 14:50:00,8.14,8.14,8.13,8.14,5442
2019-07-26 14:45:00,8.135,8.14,8.135,8.14,2497
2019-07-26 14:40:00,8.14,8.14,8.13,8.14,2941
2019-07-26 14:35:00,8.135,8.14,8.135,8.14,900
2019-07-26 14:30:00,8.145,8.15,8.135,8.135,3236
2019-07-26 14:25:00,8.155,8.155,8.14,8.15,6661
2019-07-26 14:20:00,8.15,8.16,8.145,8.15,8234
2019-07-26 14:15:00,8.15,8.15,8.145,8.15,1253
2019-07-26 14:10:00,8.145,8.15,8.145,8.15,1636
2019-07-26 14:05:00,8.145,8.15,8.145,8.15,1548
2019-07-26 14:00:00,8.17,8.17,8.15,8.15,8164
2019-07-26 13:55:00,8.16,8.17,8.16,8.165,4101
2019-07-26 13:50:00,8.155,8.16,8.155,8.155,1343
2019-07-26 13:45:00,8.16,8.16,8.16,8.16,965
2019-07-26 13:40:00,8.16,8.16,8.15,8.16,960
2019-07-26 13:35:00,8.15,8.16,8.15,8.16,1969
2019-07-26 13:30:00,8.16,8.16,8.15,8.15,4693
2019-07-26 13:25:00,8.15,8.16,8.15,8.155,757
2019-07-26 13:20:00,8.15,8.15,8.145,8.15,1300
2019-07-26 13:15:00,8.15,8.16,8.15,8.155,2652
2019-07-26 13:10:00,8.145,8.15,8.145,8.15,3560
2019-07-26 13:05:00,8.15,8.15,8.15,8.15,1224
2019-07-26 13:00:00,8.15,8.15,8.1481,8.15,1702
2019-07-26 12:55:00,8.15,8.15,8.15,8.15,1000
2019-07-26 12:50:00,8.145,8.15,8.145,8.15,2430
2019-07-26 12:45:00,8.15,8.15,8.145,8.15,657
2019-07-26 12:40:00,8.14,8.14,8.136,8.14,1308
2019-07-26 12:35:00,8.14,8.14,8.135,8.135,1031
2019-07-26 12:30:00,8.14,8.14,8.135,8.135,162829
2019-07-26 12:25:00,8.145,8.145,8.14,8.14,0
2019-07-26 12:20:00,8.15,8.15,8.14,8.145,6330
2019-07-26 12:15:00,8.17,8.18,8.16,8.16,3260
2019-07-26 12:10:00,8.19,8.19,8.165,8.165,5849
2019-07-26 12:05:00,8.18,8.19,8.175,8.19,2618
2019-07-26 12:00:00,8.16,8.18,8.16,8.1787,7418
2019-07-26 11:55:00,8.14,8.16,8.14,8.16,4035
2019-07-26 11:50:00,8.15,8.15,8.135,8.1377,5721
2019-07-26 11:45:00,8.15,8.16,8.15,8.155,5326
2019-07-26 11:40:00,8.17,8.17,8.1518,8.155,7118
2019-07-26 11:35:00,8.18,8.18,8.165,8.17,8607
2019-07-26 11:30:00,8.17,8.18,8.165,8.175,3469
2019-07-26 11:25:00,8.1499,8.17,8.1499,8.17,2616
2019-07-26 11:20:00,8.125,8.15,8.125,8.145,8031
2019-07-26 11:15:00,8.14,8.14,8.1272,8.1272,2682
2019-07-26 11:10:00,8.1598,8.16,8.14,8.145,5178
2019-07-26 11:05:00,8.15,8.16,8.14,8.16,4020
2019-07-26 11:00:00,8.15,8.15,8.145,8.15,1053
2019-07-26 10:55:00,8.14,8.15,8.14,8.15,3839
2019-07-26 10:50:00,8.13,8.14,8.13,8.14,2114
2019-07-26 10:45:00,8.13,8.13,8.13,8.13,500
2019-07-26 10:40:00,8.13,8.14,8.13,8.13,1875
2019-07-26 10:35:00,8.12,8.13,8.105,8.13,3344
2019-07-26 10:30:00,8.13,8.13,8.12,8.125,2823
2019-07-26 10:25:00,8.135,8.1353,8.125,8.13,2741
2019-07-26 10:20:00,8.14,8.14,8.135,8.135,1626
2019-07-26 10:15:00,8.1394,8.15,8.1394,8.14,7667
2019-07-26 10:05:00,8.13,8.15,8.125,8.15,6702
2019-07-26 10:00:00,8.14,8.14,8.13,8.13,5528
2019-07-26 09:55:00,8.13,8.14,8.13,8.135,5255
2019-07-26 09:50:00,8.1,8.12,8.08,8.12,11416
2019-07-26 09:45:00,8.08,8.125,8.08,8.105,7864
2019-07-26 09:40:00,8.11,8.12,8.07,8.07,6375
2019-07-26 09:35:00,8.11,8.115,8.11,8.115,6079
2019-07-25 16:00:00,8.035,8.04,8.02,8.03,103820
2019-07-25 15:55:00,8.03,8.04,8.03,8.035,17503
2019-07-25 15:50:00,8.06,8.06,8.03,8.035,34202
2019-07-25 15:45:00,8.06,8.06,8.05,8.055,9963
2019-07-25 15:40:00,8.045,8.06,8.04,8.055,8167
2019-07-25 15:35:00,8.03,8.05,8.03,8.045,17299
2019-07-25 15:30:00,8.04,8.04,8.03,8.035,9167
2019-07-25 15:25:00,8.0201,8.04,8.0201,8.035,4760
2019-07-25 15:20:00,8.03,8.03,8.02,8.03,4457
2019-07-25 15:15:00,8.029,8.03,8.02,8.025,2435
2019-07-25 15:10:00,8.03,8.03,8.015,8.03,3608
2019-07-25 15:05:00,8.045,8.05,8.03,8.03,5980
2019-07-25 15:00:00,8.045,8.05,8.045,8.05,2665
2019-07-25 14:55:00,8.03,8.05,8.03,8.045,4363
2019-07-25 14:50:00,8.06,8.06,8.04,8.04,7547
2019-07-25 14:45:00,8.055,8.06,8.055,8.06,748
2019-07-25 14:40:00,8.055,8.06,8.05,8.06,3458
2019-07-25 14:35:00,8.06,8.0637,8.05,8.06,16398
2019-07-25 14:30:00,8.135,8.135,8.06,8.06,31815
2019-07-25 14:25:00,8.139,8.14,8.13,8.135,1051
2019-07-25 14:20:00,8.14,8.14,8.135,8.14,885
2019-07-25 14:15:00,8.12,8.14,8.12,8.13,1906
2019-07-25 14:10:00,8.12,8.125,8.1,8.12,16015
2019-07-25 14:05:00,8.12,8.13,8.12,8.129,1715
2019-07-25 14:00:00,8.13,8.135,8.12,8.125,7277
2019-07-25 13:55:00,8.13,8.13,8.129,8.13,2282
2019-07-25 13:50:00,8.13,8.13,8.13,8.13,1283
2019-07-25 13:45:00,8.13,8.13,8.12,8.12,347
2019-07-25 13:40:00,8.13,8.13,8.125,8.13,2624
2019-07-25 13:35:00,8.11,8.13,8.11,8.13,2600
2019-07-25 13:30:00,8.11,8.1171,8.11,8.1171,801
2019-07-25 13:25:00,8.13,8.135,8.11,8.12,7560
2019-07-25 13:20:00,8.13,8.14,8.13,8.14,1345
2019-07-25 13:15:00,8.145,8.15,8.13,8.135,6751
2019-07-25 13:10:00,8.1401,8.155,8.14,8.15,1869
2019-07-25 13:05:00,8.145,8.155,8.145,8.145,3061
2019-07-25 13:00:00,8.15,8.155,8.145,8.15,11868
2019-07-25 12:55:00,8.14,8.15,8.14,8.15,2224
2019-07-25 12:50:00,8.12,8.14,8.12,8.14,3504
2019-07-25 12:45:00,8.15,8.15,8.12,8.125,18310
2019-07-25 12:40:00,8.179,8.18,8.15,8.15,5978
2019-07-25 12:35:00,8.185,8.19,8.17,8.18,8030
2019-07-25 12:30:00,8.19,8.195,8.18,8.19,9487
2019-07-25 12:25:00,8.17,8.19,8.17,8.185,3707
2019-07-25 12:20:00,8.16,8.17,8.155,8.17,3100
2019-07-25 12:15:00,8.16,8.17,8.15,8.16,44718
2019-07-25 12:10:00,8.16,8.17,8.16,8.165,6796
2019-07-25 12:05:00,8.18,8.18,8.165,8.165,1516
2019-07-25 12:00:00,8.1605,8.175,8.1605,8.175,6882
2019-07-25 11:55:00,8.16,8.165,8.16,8.165,900
2019-07-25 11:50:00,8.165,8.18,8.15,8.15,17572
2019-07-25 11:45:00,8.15,8.16,8.15,8.16,2328
2019-07-25 11:40:00,8.12,8.16,8.12,8.15,4806
2019-07-25 11:35:00,8.12,8.125,8.11,8.125,8396
2019-07-25 11:30:00,8.16,8.16,8.115,8.13,52004
2019-07-25 11:25:00,8.165,8.165,8.14,8.16,8869
2019-07-25 11:20:00,8.1825,8.185,8.16,8.165,21855
2019-07-25 11:15:00,8.18,8.19,8.17,8.185,11416
2019-07-25 11:10:00,8.16,8.18,8.15,8.18,4408
2019-07-25 11:05:00,8.16,8.16,8.15,8.15,8963
2019-07-25 11:00:00,8.1701,8.18,8.16,8.17,9397
2019-07-25 10:55:00,8.17,8.175,8.16,8.17,3858
2019-07-25 10:50:00,8.199,8.2,8.17,8.175,4291
2019-07-25 10:45:00,8.2,8.205,8.19,8.19,5075
2019-07-25 10:40:00,8.18,8.2,8.18,8.2,2816
2019-07-25 10:35:00,8.18,8.185,8.17,8.179,2848
2019-07-25 10:30:00,8.14,8.18,8.14,8.175,3914
2019-07-25 10:25:00,8.17,8.175,8.15,8.155,30438
2019-07-25 10:15:00,8.13,8.13,8.13,8.13,29275
2019-07-25 10:10:00,8.2,8.21,8.19,8.195,12133
2019-07-25 10:05:00,8.2,8.2,8.2,8.2,1206
2019-07-25 10:00:00,8.1794,8.2,8.1794,8.19,3987
2019-07-25 09:55:00,8.184,8.1856,8.16,8.175,14881
2019-07-25 09:50:00,8.225,8.23,8.19,8.19,12911
2019-07-25 09:45:00,8.25,8.26,8.21,8.225,15919
2019-07-25 09:40:00,8.29,8.29,8.25,8.25,2590
2019-07-25 09:35:00,8.31,8.33,8.26,8.33,13715
2019-07-24 16:00:00,8.3,8.32,8.29,8.32,64883
2019-07-24 15:55:00,8.305,8.31,8.29,8.295,20551
2019-07-24 15:50:00,8.31,8.32,8.3,8.31,27743
2019-07-24 15:45:00,8.3,8.31,8.2944,8.305,18129
2019-07-24 15:40:00,8.29,8.3,8.28,8.295,11205
2019-07-24 15:35:00,8.29,8.29,8.28,8.29,9539
2019-07-24 15:30:00,8.28,8.29,8.275,8.29,6443
2019-07-24 15:25:00,8.27,8.28,8.27,8.28,3814
2019-07-24 15:20:00,8.28,8.28,8.26,8.28,6932
2019-07-24 15:15:00,8.27,8.28,8.27,8.28,3744
2019-07-24 15:10:00,8.27,8.27,8.265,8.265,2348
2019-07-24 15:05:00,8.28,8.28,8.265,8.27,5253
2019-07-24 15:00:00,8.26,8.28,8.26,8.28,2366
2019-07-24 14:55:00,8.25,8.26,8.245,8.255,3515
2019-07-24 14:50:00,8.24,8.25,8.235,8.25,7177
2019-07-24 14:45:00,8.24,8.24,8.233,8.24,1180
2019-07-24 14:40:00,8.2428,8.25,8.2291,8.235,11345
2019-07-24 14:35:00,8.26,8.26,8.25,8.25,4203
2019-07-24 14:30:00,8.25,8.26,8.25,8.255,3001
2019-07-24 14:25:00,8.245,8.25,8.24,8.25,2600
2019-07-24 14:20:00,8.25,8.26,8.245,8.25,5696
2019-07-24 14:15:00,8.25,8.255,8.24,8.25,4802
2019-07-24 14:10:00,8.25,8.25,8.24,8.245,7743
2019-07-24 14:05:00,8.28,8.28,8.2502,8.26,5042
2019-07-24 14:00:00,8.28,8.28,8.27,8.275,6812
2019-07-24 13:55:00,8.285,8.3,8.28,8.28,17324
2019-07-24 13:50:00,8.2872,8.29,8.285,8.29,1200
2019-07-24 13:45:00,8.285,8.29,8.285,8.29,1500
2019-07-24 13:40:00,8.305,8.305,8.28,8.285,6669
2019-07-24 13:35:00,8.31,8.31,8.305,8.305,5115
2019-07-24 13:30:00,8.31,8.31,8.305,8.31,1505
2019-07-24 13:25:00,8.295,8.305,8.295,8.305,3954
2019-07-24 13:20:00,8.3,8.3,8.29,8.3,1971
2019-07-24 13:15:00,8.29,8.3,8.285,8.29,14162
2019-07-24 13:10:00,8.285,8.29,8.285,8.2891,1360
2019-07-24 13:05:00,8.285,8.29,8.28,8.29,8305
2019-07-24 13:00:00,8.285,8.29,8.28,8.29,2347
2019-07-24 12:55:00,8.295,8.3,8.285,8.285,5628
2019-07-24 12:50:00,8.295,8.295,8.295,8.295,849
2019-07-24 12:45:00,8.29,8.295,8.285,8.29,2044
2019-07-24 12:40:00,8.305,8.305,8.285,8.29,6249
2019-07-24 12:35:00,8.285,8.31,8.285,8.305,6880
2019-07-24 12:30:00,8.285,8.29,8.2824,8.285,6650
2019-07-24 12:25:00,8.28,8.29,8.28,8.29,2481
2019-07-24 12:20:00,8.26,8.28,8.26,8.28,3337
2019-07-24 12:15:00,8.28,8.29,8.265,8.27,518281
2019-07-24 12:10:00,8.285,8.285,8.27,8.275,0
2019-07-24 12:05:00,8.2845,8.2964,8.28,8.285,11799
2019-07-24 12:00:00,8.3,8.3,8.285,8.285,2577
2019-07-24 11:55:00,8.315,8.315,8.295,8.295,3359
2019-07-24 11:50:00,8.31,8.315,8.3,8.31,8260
2019-07-24 11:45:00,8.305,8.32,8.305,8.32,3393
2019-07-24 11:40:00,8.285,8.305,8.2837,8.305,6537
2019-07-24 11:35:00,8.3,8.305,8.28,8.29,10291
2019-07-24 11:30:00,8.2652,8.3,8.265,8.3,16938
2019-07-24 11:25:00,8.28,8.285,8.26,8.26,14996
2019-07-24 11:20:00,8.26,8.28,8.2552,8.275,9512
2019-07-24 11:15:00,8.24,8.25,8.24,8.25,11304
2019-07-24 11:10:00,8.25,8.26,8.24,8.24,19186
2019-07-24 11:05:00,8.24,8.25,8.22,8.25,14199
2019-07-24 11:00:00,8.215,8.24,8.215,8.24,9411
2019-07-24 10:55:00,8.215,8.2199,8.205,8.2199,9538
2019-07-24 10:50:00,8.24,8.24,8.21,8.215,16435
2019-07-24 10:45:00,8.225,8.24,8.22,8.235,37261
2019-07-24 10:40:00,8.19,8.23,8.18,8.23,15448
2019-07-24 10:35:00,8.18,8.19,8.17,8.185,24399
2019-07-24 10:30:00,8.18,8.185,8.16,8.17,6487
2019-07-24 10:25:00,8.175,8.18,8.16,8.175,21833
2019-07-24 10:20:00,8.1624,8.17,8.16,8.17,2962
2019-07-24 10:15:00,8.175,8.175,8.17,8.17,4695
2019-07-24 10:10:00,8.16,8.17,8.155,8.16,5827
2019-07-24 10:05:00,8.145,8.155,8.14,8.15,15726
2019-07-24 10:00:00,8.1768,8.1768,8.145,8.145,4862
2019-07-24 09:55:00,8.18,8.2,8.15,8.1779,34196
2019-07-24 09:50:00,8.1312,8.21,8.12,8.175,15396
2019-07-24 09:45:00,8.1194,8.14,8.105,8.14,4801
2019-07-24 09:40:00,8.0584,8.16,8.0584,8.11,74654
2019-07-24 09:35:00,7.97,8.11,7.97,8.0586,72423
2019-07-23 16:00:00,7.925,7.93,7.92,7.925,61257
2019-07-23 15:55:00,7.93,7.93,7.92,7.93,20687
2019-07-23 15:50:00,7.915,7.93,7.915,7.93,23138
2019-07-23 15:45:00,7.93,7.935,7.91,7.91,26083
2019-07-23 15:40:00,7.905,7.935,7.9,7.93,39673
2019-07-23 15:35:00,7.895,7.91,7.895,7.9,16930
2019-07-23 15:30:00,7.895,7.9,7.89,7.895,5280
2019-07-23 15:25:00,7.895,7.9,7.89,7.9,3554
2019-07-23 15:20:00,7.885,7.9,7.885,7.9,5884
2019-07-23 15:15:00,7.885,7.89,7.885,7.89,2899
2019-07-23 15:10:00,7.885,7.89,7.885,7.885,1394
2019-07-23 15:05:00,7.89,7.89,7.885,7.885,3281
2019-07-23 15:00:00,7.885,7.89,7.88,7.89,2786
2019-07-23 14:55:00,7.885,7.89,7.88,7.89,2937
2019-07-23 14:50:00,7.885,7.89,7.885,7.89,3530
2019-07-23 14:45:00,7.885,7.89,7.885,7.89,15757
2019-07-23 14:40:00,7.88,7.89,7.87,7.885,16695
2019-07-23 14:35:00,7.89,7.89,7.87,7.88,14683
2019-07-23 14:30:00,7.8889,7.89,7.88,7.885,7065
2019-07-23 14:25:00,7.8923,7.8985,7.88,7.885,6694
2019-07-23 14:20:00,7.9,7.9,7.895,7.895,1530
2019-07-23 14:15:00,7.8962,7.9,7.88,7.89,9426
2019-07-23 14:10:00,7.89,7.9,7.89,7.9,243654
2019-07-23 14:05:00,7.8999,7.9,7.89,7.89,0
2019-07-23 14:00:00,7.89,7.9,7.885,7.895,4913
2019-07-23 13:55:00,7.875,7.885,7.87,7.885,3459
2019-07-23 13:50:00,7.9,7.9,7.88,7.88,8610
2019-07-23 13:45:00,7.885,7.9,7.8801,7.895,8405
2019-07-23 13:40:00,7.88,7.89,7.875,7.89,4664
2019-07-23 13:35:00,7.8792,7.88,7.87,7.88,7530
2019-07-23 13:30:00,7.875,7.88,7.87,7.88,3646
2019-07-23 13:25:00,7.88,7.88,7.875,7.88,1819
2019-07-23 13:20:00,7.88,7.88,7.87,7.88,1706
2019-07-23 13:15:00,7.875,7.88,7.87,7.88,1261
2019-07-23 13:10:00,7.875,7.88,7.875,7.88,818
2019-07-23 13:05:00,7.87,7.88,7.87,7.875,2700
2019-07-23 13:00:00,7.865,7.87,7.86,7.865,2646
2019-07-23 12:55:00,7.88,7.88,7.86,7.86,4466
2019-07-23 12:50:00,7.87,7.88,7.865,7.875,1600
2019-07-23 12:45:00,7.87,7.87,7.865,7.87,4219
2019-07-23 12:40:00,7.86,7.87,7.855,7.87,2101
2019-07-23 12:35:00,7.85,7.86,7.85,7.86,2627
2019-07-23 12:30:00,7.87,7.87,7.84,7.845,6440
2019-07-23 12:25:00,7.86,7.87,7.86,7.86,2208
2019-07-23 12:20:00,7.86,7.87,7.855,7.865,2627
2019-07-23 12:15:00,7.85,7.86,7.845,7.855,2618
2019-07-23 12:10:00,7.86,7.86,7.84,7.845,10514
2019-07-23 12:05:00,7.845,7.86,7.845,7.85,147655
2019-07-23 12:00:00,7.85,7.85,7.845,7.85,0
2019-07-23 11:55:00,7.845,7.85,7.845,7.845,1398
2019-07-23 11:50:00,7.855,7.855,7.83,7.84,11097
2019-07-23 11:45:00,7.86,7.86,7.85,7.85,3967
2019-07-23 11:40:00,7.8599,7.86,7.855,7.855,2238
2019-07-23 11:35:00,7.865,7.865,7.8501,7.8501,2490
2019-07-23 11:30:00,7.9,7.9,7.87,7.87,7850
2019-07-23 11:25:00,7.89,7.9,7.885,7.895,1667
2019-07-23 11:20:00,7.86,7.89,7.86,7.89,2843
2019-07-23 11:15:00,7.85,7.85,7.84,7.85,2236
2019-07-23 11:10:00,7.84,7.85,7.835,7.845,2237
2019-07-23 11:05:00,7.8466,7.85,7.83,7.84,9550
2019-07-23 11:00:00,7.835,7.84,7.835,7.84,486
2019-07-23 10:55:00,7.85,7.85,7.835,7.84,2809
2019-07-23 10:50:00,7.857,7.86,7.85,7.855,3132
2019-07-23 10:45:00,7.84,7.86,7.835,7.855,1966
2019-07-23 10:40:00,7.84,7.84,7.835,7.84,1317
2019-07-23 10:35:00,7.8201,7.84,7.8201,7.8399,5244
2019-07-23 10:30:00,7.82,7.83,7.81,7.83,4808
2019-07-23 10:25:00,7.825,7.83,7.82,7.82,1344
2019-07-23 10:20:00,7.84,7.84,7.81,7.825,69150
2019-07-23 10:15:00,7.84,7.85,7.84,7.85,0
2019-07-23 10:10:00,7.845,7.845,7.845,7.845,0
2019-07-23 10:05:00,7.85,7.86,7.83,7.86,5307
2019-07-23 10:00:00,7.86,7.88,7.85,7.85,13081
2019-07-23 09:55:00,7.86,7.865,7.84,7.85,12403
2019-07-23 09:50:00,7.864,7.865,7.845,7.8601,13388
2019-07-23 09:45:00,7.83,7.89,7.83,7.87,7290
2019-07-23 09:40:00,7.8,7.82,7.8,7.82,9040
2019-07-23 09:35:00,7.81,7.81,7.8,7.8,0
2019-07-22 16:00:00,7.745,7.75,7.74,7.75,39897
2019-07-22 15:55:00,7.745,7.75,7.73,7.73,16619
2019-07-22 15:50:00,7.7263,7.75,7.725,7.75,10724
2019-07-22 15:45:00,7.73,7.735,7.72,7.725,750241
2019-07-22 15:40:00,7.73,7.74,7.73,7.74,0
2019-07-22 15:35:00,7.74,7.74,7.73,7.735,4289
2019-07-22 15:30:00,7.74,7.755,7.74,7.745,4970
2019-07-22 15:25:00,7.74,7.74,7.735,7.74,1391
2019-07-22 15:20:00,7.73,7.74,7.725,7.74,3837
2019-07-22 15:15:00,7.74,7.74,7.725,7.725,2479
2019-07-22 15:10:00,7.75,7.75,7.735,7.74,1720
2019-07-22 15:05:00,7.74,7.765,7.74,7.75,6665
2019-07-22 15:00:00,7.73,7.74,7.73,7.74,2080
2019-07-22 14:55:00,7.72,7.73,7.72,7.73,2080
2019-07-22 14:50:00,7.71,7.72,7.71,7.72,2519
2019-07-22 14:45:00,7.71,7.72,7.71,7.72,1104
2019-07-22 14:40:00,7.73,7.7374,7.7111,7.7111,6899
2019-07-22 14:35:00,7.735,7.74,7.73,7.74,1839
2019-07-22 14:30:00,7.74,7.74,7.73,7.73,1567
2019-07-22 14:25:00,7.74,7.74,7.73,7.7326,5310
2019-07-22 14:20:00,7.76,7.76,7.75,7.75,6488
2019-07-22 14:15:00,7.755,7.755,7.75,7.75,514
2019-07-22 14:10:00,7.76,7.76,7.7504,7.76,657
2019-07-22 14:05:00,7.755,7.755,7.75,7.75,385
2019-07-22 14:00:00,7.77,7.78,7.76,7.76,11936
2019-07-22 13:55:00,7.77,7.775,7.77,7.775,9209
2019-07-22 13:50:00,7.77,7.77,7.7644,7.77,4627
2019-07-22 13:45:00,7.76,7.77,7.75,7.77,29286
2019-07-22 13:40:00,7.75,7.75,7.75,7.75,2633
2019-07-22 13:35:00,7.72,7.75,7.72,7.75,8282
2019-07-22 13:30:00,7.71,7.72,7.7,7.715,197113
2019-07-22 13:25:00,7.71,7.71,7.705,7.705,464
2019-07-22 13:20:00,7.695,7.705,7.695,7.7,3097
2019-07-22 13:15:00,7.67,7.7,7.6699,7.695,65986
2019-07-22 13:10:00,7.7,7.7,7.67,7.67,18954
2019-07-22 13:05:00,7.705,7.71,7.69,7.695,7044
2019-07-22 13:00:00,7.69,7.71,7.69,7.7,20876
2019-07-22 12:55:00,7.685,7.69,7.685,7.69,4671
2019-07-22 12:50:00,7.7,7.7,7.685,7.685,19931
2019-07-22 12:45:00,7.705,7.71,7.695,7.7,11257
2019-07-22 12:40:00,7.71,7.72,7.7,7.71,15811
2019-07-22 12:35:00,7.695,7.71,7.68,7.71,48166
2019-07-22 12:30:00,7.73,7.73,7.69,7.695,37007
2019-07-22 12:25:00,7.72,7.73,7.715,7.73,3668
2019-07-22 12:20:00,7.715,7.72,7.71,7.72,979
2019-07-22 12:15:00,7.73,7.73,7.72,7.72,1359
2019-07-22 12:10:00,7.75,7.75,7.74,7.74,3894
2019-07-22 12:05:00,7.77,7.77,7.75,7.75,2522
2019-07-22 12:00:00,7.7638,7.77,7.76,7.765,1923
2019-07-22 11:55:00,7.765,7.765,7.755,7.76,4642
2019-07-22 11:50:00,7.77,7.77,7.765,7.77,1200
2019-07-22 11:45:00,7.765,7.77,7.76,7.765,3320
2019-07-22 11:40:00,7.73,7.77,7.73,7.77,14796
2019-07-22 11:35:00,7.72,7.725,7.72,7.725,1739
2019-07-22 11:30:00,7.7238,7.725,7.71,7.72,2911
2019-07-22 11:25:00,7.71,7.725,7.71,7.725,3777
2019-07-22 11:20:00,7.71,7.715,7.71,7.715,454
2019-07-22 11:15:00,7.7264,7.73,7.71,7.71,6024
2019-07-22 11:10:00,7.71,7.73,7.71,7.73,3085
2019-07-22 11:05:00,7.74,7.74,7.72,7.72,4569
2019-07-22 11:00:00,7.735,7.74,7.73,7.735,104223
2019-07-22 10:55:00,7.7515,7.76,7.725,7.735,0
2019-07-22 10:50:00,7.75,7.755,7.74,7.755,6235
2019-07-22 10:45:00,7.755,7.76,7.745,7.7499,3004
2019-07-22 10:40:00,7.7399,7.755,7.735,7.755,3470
2019-07-22 10:35:00,7.725,7.75,7.725,7.74,3015
2019-07-22 10:30:00,7.73,7.73,7.725,7.725,902
2019-07-22 10:25:00,7.73,7.745,7.73,7.7356,2509
2019-07-22 10:20:00,7.725,7.725,7.725,7.725,142
2019-07-22 10:15:00,7.73,7.735,7.73,7.73,1522
2019-07-22 10:10:00,7.74,7.74,7.715,7.715,4122
2019-07-22 10:05:00,7.745,7.745,7.745,7.745,847
2019-07-22 10:00:00,7.77,7.77,7.74,7.745,2637
2019-07-22 09:55:00,7.775,7.785,7.765,7.765,24522
2019-07-22 09:50:00,7.77,7.79,7.77,7.78,4100
2019-07-22 09:45:00,7.76,7.78,7.75,7.77,8330
2019-07-22 09:40:00,7.74,7.78,7.7,7.755,6525
2019-07-22 09:35:00,7.65,7.727,7.6331,7.727,7859
2019-07-19 16:00:00,7.62,7.63,7.61,7.62,36590
2019-07-19 15:55:00,7.635,7.635,7.62,7.63,13060
2019-07-19 15:50:00,7.64,7.65,7.63,7.63,9578
2019-07-19 15:45:00,7.64,7.65,7.635,7.64,8844
2019-07-19 15:40:00,7.635,7.64,7.63,7.64,4592
2019-07-19 15:35:00,7.645,7.645,7.63,7.64,9765
2019-07-19 15:30:00,7.635,7.655,7.63,7.645,10509
2019-07-19 15:25:00,7.645,7.645,7.63,7.64,4987
2019-07-19 15:20:00,7.645,7.65,7.64,7.64,2324
2019-07-19 15:15:00,7.6493,7.65,7.64,7.645,2663
2019-07-19 15:10:00,7.63,7.645,7.6299,7.645,9810
2019-07-19 15:05:00,7.64,7.65,7.63,7.63,16459
2019-07-19 15:00:00,7.65,7.65,7.64,7.645,1540
2019-07-19 14:55:00,7.65,7.65,7.64,7.65,1238
2019-07-19 14:50:00,7.655,7.655,7.645,7.65,3514
2019-07-19 14:45:00,7.655,7.66,7.655,7.6567,3613
2019-07-19 14:40:00,7.65,7.66,7.645,7.66,4602
2019-07-19 14:35:00,7.65,7.66,7.63,7.645,20287
2019-07-19 14:30:00,7.67,7.675,7.63,7.64,52664
2019-07-19 14:25:00,7.7,7.7,7.67,7.67,14539
2019-07-19 14:20:00,7.7,7.7,7.69,7.69,6323
2019-07-19 14:15:00,7.72,7.72,7.685,7.695,26620
2019-07-19 14:10:00,7.72,7.73,7.72,7.725,1676
2019-07-19 14:05:00,7.73,7.73,7.72,7.72,8579
2019-07-19 14:00:00,7.72,7.73,7.72,7.72,1495
2019-07-19 13:55:00,7.73,7.73,7.72,7.72,10348
2019-07-19 13:50:00,7.725,7.73,7.72,7.725,753
2019-07-19 13:45:00,7.73,7.73,7.72,7.72,900
2019-07-19 13:40:00,7.735,7.74,7.73,7.73,2494
2019-07-19 13:35:00,7.735,7.735,7.735,7.735,189
2019-07-19 13:30:00,7.73,7.735,7.73,7.735,2106
2019-07-19 13:25:00,7.73,7.73,7.7299,7.73,2962
2019-07-19 13:20:00,7.735,7.7362,7.735,7.7362,336
2019-07-19 13:15:00,7.7399,7.74,7.73,7.735,2439
2019-07-19 13:10:00,7.7236,7.74,7.7236,7.7322,2631
2019-07-19 13:05:00,7.745,7.745,7.725,7.725,4786
2019-07-19 13:00:00,7.75,7.75,7.745,7.745,2045
2019-07-19 12:55:00,7.75,7.75,7.7444,7.7444,818
2019-07-19 12:50:00,7.75,7.75,7.745,7.75,1954
2019-07-19 12:45:00,7.735,7.75,7.735,7.74,6312
2019-07-19 12:40:00,7.735,7.74,7.735,7.735,37431
2019-07-19 12:35:00,7.74,7.74,7.73,7.73,2704
2019-07-19 12:30:00,7.735,7.735,7.735,7.735,518
2019-07-19 12:25:00,7.735,7.735,7.73,7.73,2704
2019-07-19 12:20:00,7.74,7.74,7.73,7.74,16825
2019-07-19 12:15:00,7.705,7.74,7.7,7.735,18557
2019-07-19 12:10:00,7.705,7.71,7.7,7.705,1379
2019-07-19 12:05:00,7.705,7.71,7.705,7.705,2202
2019-07-19 12:00:00,7.7,7.71,7.6944,7.705,4502
2019-07-19 11:55:00,7.68,7.69,7.68,7.69,5929
2019-07-19 11:50:00,7.67,7.68,7.67,7.68,12880
2019-07-19 11:45:00,7.665,7.68,7.665,7.68,1720
2019-07-19 11:40:00,7.67,7.68,7.66,7.675,11419
2019-07-19 11:35:00,7.69,7.69,7.6739,7.675,5120
2019-07-19 11:30:00,7.695,7.695,7.68,7.685,1039
2019-07-19 11:25:00,7.7113,7.7113,7.69,7.7,11189
2019-07-19 11:20:00,7.715,7.72,7.71,7.715,446
2019-07-19 11:15:00,7.71,7.71,7.695,7.71,10246
2019-07-19 11:10:00,7.695,7.705,7.695,7.705,124022
2019-07-19 11:05:00,7.67,7.68,7.67,7.68,0
2019-07-19 11:00:00,7.6677,7.675,7.665,7.67,7625
2019-07-19 10:55:00,7.67,7.67,7.66,7.67,2480
2019-07-19 10:50:00,7.68,7.68,7.67,7.67,2315
2019-07-19 10:45:00,7.7,7.7,7.68,7.6852,1960
2019-07-19 10:40:00,7.685,7.7,7.68,7.7,3002
2019-07-19 10:35:00,7.675,7.69,7.675,7.68,2212
2019-07-19 10:30:00,7.68,7.68,7.66,7.68,8735
2019-07-19 10:25:00,7.695,7.695,7.685,7.685,4336
2019-07-19 10:20:00,7.685,7.695,7.685,7.695,2149
2019-07-19 10:15:00,7.685,7.69,7.685,7.69,7101
2019-07-19 10:10:00,7.69,7.69,7.69,7.69,100
2019-07-19 10:05:00,7.695,7.695,7.69,7.69,2952
2019-07-19 10:00:00,7.685,7.69,7.685,7.685,1901
2019-07-19 09:55:00,7.715,7.715,7.685,7.685,3158
2019-07-19 09:50:00,7.71,7.7224,7.71,7.72,7553
2019-07-19 09:45:00,7.685,7.725,7.68,7.71,2613
2019-07-19 09:40:00,7.71,7.71,7.66,7.68,38691
2019-07-19 09:35:00,7.64,7.7,7.64,7.7,18489
2019-07-18 16:00:00,7.635,7.64,7.63,7.635,21658
2019-07-18 15:55:00,7.635,7.64,7.63,7.63,12014
2019-07-18 15:50:00,7.64,7.64,7.63,7.64,3675
2019-07-18 15:45:00,7.63,7.64,7.63,7.64,5106
2019-07-18 15:40:00,7.635,7.64,7.63,7.64,3098
2019-07-18 15:35:00,7.655,7.66,7.63,7.64,15451
2019-07-18 15:30:00,7.66,7.66,7.65,7.66,2453
2019-07-18 15:25:00,7.66,7.66,7.65,7.655,4023
2019-07-18 15:20:00,7.665,7.67,7.66,7.66,3484
2019-07-18 15:15:00,7.67,7.67,7.66,7.66,1909
2019-07-18 15:10:00,7.6634,7.67,7.66,7.66,2989
2019-07-18 15:05:00,7.645,7.665,7.645,7.665,7271
2019-07-18 15:00:00,7.64,7.65,7.64,7.65,2753
2019-07-18 14:55:00,7.63,7.64,7.625,7.64,2800
2019-07-18 14:50:00,7.63,7.63,7.625,7.63,1141
2019-07-18 14:45:00,7.625,7.63,7.62,7.63,2101
2019-07-18 14:40:00,7.63,7.63,7.62,7.62,1421
2019-07-18 14:35:00,7.625,7.63,7.62,7.63,3701
2019-07-18 14:30:00,7.63,7.63,7.625,7.63,1193
2019-07-18 14:25:00,7.625,7.63,7.62,7.625,3514
2019-07-18 14:20:00,7.625,7.63,7.62,7.63,279838
2019-07-18 14:15:00,7.6372,7.6372,7.62,7.62,0
2019-07-18 14:10:00,7.63,7.64,7.625,7.635,274149
2019-07-18 14:05:00,7.62,7.625,7.62,7.625,0
2019-07-18 14:00:00,7.625,7.63,7.6227,7.63,2523
2019-07-18 13:55:00,7.62,7.625,7.62,7.625,570
2019-07-18 13:50:00,7.625,7.63,7.625,7.63,700
2019-07-18 13:45:00,7.625,7.63,7.625,7.63,2529
2019-07-18 13:40:00,7.61,7.63,7.61,7.625,9242
2019-07-18 13:35:00,7.61,7.61,7.6099,7.61,2106
2019-07-18 13:30:00,7.61,7.62,7.61,7.615,2339
2019-07-18 13:25:00,7.62,7.62,7.61,7.615,9449
2019-07-18 13:20:00,7.615,7.62,7.61,7.615,1300
2019-07-18 13:15:00,7.615,7.62,7.615,7.615,1132
2019-07-18 13:10:00,7.615,7.615,7.61,7.61,1776
2019-07-18 13:05:00,7.62,7.62,7.62,7.62,1413
2019-07-18 13:00:00,7.625,7.63,7.62,7.625,2364
2019-07-18 12:55:00,7.635,7.635,7.62,7.62,6814
2019-07-18 12:50:00,7.635,7.635,7.63,7.635,716
2019-07-18 12:45:00,7.64,7.64,7.635,7.635,2000
2019-07-18 12:40:00,7.645,7.655,7.63,7.635,12095
2019-07-18 12:35:00,7.645,7.645,7.6431,7.6431,1319
2019-07-18 12:30:00,7.655,7.655,7.64,7.645,12823
2019-07-18 12:25:00,7.65,7.655,7.645,7.655,7081
2019-07-18 12:20:00,7.645,7.65,7.64,7.65,974
2019-07-18 12:15:00,7.655,7.655,7.64,7.645,5610
2019-07-18 12:10:00,7.65,7.66,7.64,7.66,19800
2019-07-18 12:05:00,7.65,7.6501,7.64,7.64,3627
2019-07-18 12:00:00,7.64,7.655,7.64,7.655,3417
2019-07-18 11:55:00,7.635,7.645,7.635,7.6437,3633
2019-07-18 11:50:00,7.6301,7.64,7.63,7.635,6956
2019-07-18 11:45:00,7.63,7.635,7.63,7.635,428
2019-07-18 11:40:00,7.65,7.65,7.63,7.64,11380
2019-07-18 11:35:00,7.635,7.65,7.6331,7.645,2914
2019-07-18 11:30:00,7.63,7.635,7.63,7.635,1376
2019-07-18 11:25:00,7.64,7.645,7.63,7.63,8256
2019-07-18 11:20:00,7.645,7.665,7.64,7.645,10029
2019-07-18 11:15:00,7.66,7.665,7.64,7.64,5892
2019-07-18 11:10:00,7.67,7.675,7.66,7.66,4676
2019-07-18 11:05:00,7.675,7.68,7.67,7.67,1975
2019-07-18 11:00:00,7.67,7.68,7.67,7.67,540
2019-07-18 10:55:00,7.6877,7.6877,7.67,7.67,3812
2019-07-18 10:50:00,7.68,7.6898,7.68,7.68,2357
2019-07-18 10:45:00,7.665,7.69,7.665,7.685,24319
2019-07-18 10:40:00,7.69,7.69,7.67,7.67,6938
2019-07-18 10:35:00,7.685,7.695,7.685,7.695,3023
2019-07-18 10:30:00,7.6965,7.7,7.69,7.69,2379
2019-07-18 10:25:00,7.7,7.7,7.69,7.69,2987
2019-07-18 10:20:00,7.69,7.71,7.685,7.695,15332
2019-07-18 10:15:00,7.675,7.69,7.67,7.69,1988
2019-07-18 10:10:00,7.675,7.685,7.665,7.67,4017
2019-07-18 10:05:00,7.67,7.675,7.66,7.67,3690
2019-07-18 10:00:00,7.69,7.69,7.685,7.69,913
2019-07-18 09:55:00,7.675,7.695,7.66,7.695,3070
2019-07-18 09:50:00,7.7,7.7,7.67,7.67,11037
2019-07-18 09:45:00,7.69,7.69,7.66,7.68,2153
2019-07-18 09:40:00,7.64,7.695,7.635,7.695,3952
2019-07-18 09:35:00,7.62,7.64,7.61,7.63,0
