timestamp,open,high,low,close,volume
2019-08-06 16:00:00,19.47,19.48,19.46,19.48,104858
2019-08-06 15:55:00,19.48,19.48,19.46,19.46,51510
2019-08-06 15:50:00,19.465,19.48,19.46,19.475,50261
2019-08-06 15:45:00,19.46,19.47,19.45,19.47,24565
2019-08-06 15:40:00,19.435,19.46,19.4301,19.455,19185
2019-08-06 15:35:00,19.44,19.445,19.425,19.4379,28616
2019-08-06 15:30:00,19.455,19.4568,19.43,19.44,27062
2019-08-06 15:25:00,19.45,19.47,19.45,19.455,13238
2019-08-06 15:20:00,19.445,19.456,19.44,19.45,16454
2019-08-06 15:15:00,19.43,19.45,19.415,19.4475,18071
2019-08-06 15:10:00,19.425,19.45,19.42,19.43,18538
2019-08-06 15:05:00,19.445,19.45,19.41,19.425,15555
2019-08-06 15:00:00,19.42,19.46,19.42,19.4499,35304
2019-08-06 14:55:00,19.44,19.44,19.415,19.4251,13028
2019-08-06 14:50:00,19.4401,19.4401,19.42,19.4307,9134
2019-08-06 14:45:00,19.4307,19.45,19.4307,19.44,10928
2019-08-06 14:40:00,19.436,19.45,19.43,19.44,16339
2019-08-06 14:35:00,19.43,19.45,19.43,19.435,21492
2019-08-06 14:30:00,19.43,19.4499,19.43,19.43,10820
2019-08-06 14:25:00,19.445,19.45,19.42,19.435,25965
2019-08-06 14:20:00,19.435,19.45,19.4337,19.445,10877
2019-08-06 14:15:00,19.42,19.44,19.41,19.435,45427
2019-08-06 14:10:00,19.4,19.42,19.4,19.42,10877
2019-08-06 14:05:00,19.39,19.4,19.3737,19.4,36886
2019-08-06 14:00:00,19.4,19.405,19.39,19.3926,7131
2019-08-06 13:55:00,19.4,19.41,19.395,19.405,12876
2019-08-06 13:50:00,19.4,19.4,19.39,19.4,9640
2019-08-06 13:45:00,19.39,19.4,19.38,19.4,18858
2019-08-06 13:40:00,19.365,19.39,19.36,19.39,11243
2019-08-06 13:35:00,19.34,19.365,19.34,19.365,15136
2019-08-06 13:30:00,19.37,19.37,19.35,19.35,13797
2019-08-06 13:25:00,19.35,19.37,19.345,19.37,22589
2019-08-06 13:20:00,19.3444,19.35,19.34,19.34,11940
2019-08-06 13:15:00,19.3468,19.36,19.34,19.34,25636
2019-08-06 13:10:00,19.34,19.35,19.34,19.35,12039
2019-08-06 13:05:00,19.33,19.35,19.325,19.3465,7071
2019-08-06 13:00:00,19.32,19.33,19.31,19.325,7007
2019-08-06 12:55:00,19.32,19.32,19.305,19.315,7449
2019-08-06 12:50:00,19.339,19.34,19.32,19.3268,8457
2019-08-06 12:45:00,19.325,19.34,19.325,19.34,13498
2019-08-06 12:40:00,19.325,19.3351,19.3115,19.3238,18757
2019-08-06 12:35:00,19.33,19.34,19.32,19.325,9542
2019-08-06 12:30:00,19.315,19.325,19.31,19.32,5696
2019-08-06 12:25:00,19.32,19.32,19.305,19.315,13241
2019-08-06 12:20:00,19.32,19.32,19.31,19.3154,7541
2019-08-06 12:15:00,19.31,19.32,19.3,19.32,6801
2019-08-06 12:10:00,19.295,19.315,19.295,19.315,7808
2019-08-06 12:05:00,19.315,19.32,19.29,19.29,9125
2019-08-06 12:00:00,19.29,19.31,19.28,19.31,14724
2019-08-06 11:55:00,19.29,19.2998,19.285,19.29,7979
2019-08-06 11:50:00,19.2665,19.285,19.25,19.285,15350
2019-08-06 11:45:00,19.25,19.275,19.25,19.2665,16213
2019-08-06 11:40:00,19.245,19.25,19.235,19.25,13350
2019-08-06 11:35:00,19.26,19.265,19.24,19.25,16219
2019-08-06 11:30:00,19.25,19.265,19.25,19.26,503328
2019-08-06 11:25:00,19.22,19.25,19.22,19.25,13733
2019-08-06 11:20:00,19.24,19.2457,19.22,19.2201,10811
2019-08-06 11:15:00,19.22,19.2499,19.22,19.24,8687
2019-08-06 11:10:00,19.2056,19.2299,19.2,19.22,12808
2019-08-06 11:05:00,19.225,19.23,19.205,19.205,10699
2019-08-06 11:00:00,19.2377,19.2457,19.21,19.225,20673
2019-08-06 10:55:00,19.24,19.25,19.23,19.24,8263
2019-08-06 10:50:00,19.2749,19.2749,19.245,19.245,12601
2019-08-06 10:45:00,19.28,19.29,19.27,19.27,8340
2019-08-06 10:40:00,19.28,19.29,19.27,19.28,10396
2019-08-06 10:35:00,19.23,19.28,19.23,19.28,22734
2019-08-06 10:30:00,19.23,19.25,19.225,19.23,17891
2019-08-06 10:25:00,19.23,19.2301,19.21,19.2299,16647
2019-08-06 10:20:00,19.24,19.24,19.21,19.2277,18119
2019-08-06 10:15:00,19.25,19.26,19.24,19.24,23250
2019-08-06 10:10:00,19.23,19.26,19.23,19.2426,25548
2019-08-06 10:05:00,19.23,19.23,19.2,19.22,19458
2019-08-06 10:00:00,19.23,19.2301,19.2052,19.2301,19634
2019-08-06 09:55:00,19.24,19.27,19.23,19.23,27120
2019-08-06 09:50:00,19.2688,19.2688,19.225,19.24,18856
2019-08-06 09:45:00,19.27,19.29,19.255,19.2619,16357
2019-08-06 09:40:00,19.225,19.27,19.21,19.265,68959
2019-08-06 09:35:00,19.2,19.24,19.1811,19.225,41108
2019-08-05 16:00:00,19.09,19.12,19.09,19.1,86576
2019-08-05 15:55:00,19.06,19.1,19.045,19.09,63970
2019-08-05 15:50:00,19.1,19.11,19.06,19.065,51818
2019-08-05 15:45:00,19.09,19.11,19.09,19.1,23558
2019-08-05 15:40:00,19.07,19.1,19.07,19.09,32088
2019-08-05 15:35:00,19.05,19.09,19.045,19.08,33698
2019-08-05 15:30:00,19.055,19.08,19.035,19.05,33255
2019-08-05 15:25:00,19.06,19.08,19.05,19.06,18452
2019-08-05 15:20:00,19.055,19.06,19.03,19.06,49399
2019-08-05 15:15:00,19.01,19.075,19.0,19.0537,48718
2019-08-05 15:10:00,19.015,19.0199,19.0,19.005,59154
2019-08-05 15:05:00,19.015,19.03,19.005,19.0139,29937
2019-08-05 15:00:00,19.015,19.02,19.01,19.01,20965
2019-08-05 14:55:00,19.03,19.04,19.02,19.02,12134
2019-08-05 14:50:00,19.03,19.045,19.02,19.03,46800
2019-08-05 14:45:00,19.0357,19.04,19.01,19.02,31837
2019-08-05 14:40:00,19.0732,19.0751,19.03,19.03,27096
2019-08-05 14:35:00,19.1,19.1,19.06,19.075,45572
2019-08-05 14:30:00,19.1168,19.1168,19.1,19.1,17283
2019-08-05 14:25:00,19.11,19.1195,19.1,19.115,22231
2019-08-05 14:20:00,19.12,19.1265,19.11,19.11,18558
2019-08-05 14:15:00,19.13,19.135,19.12,19.13,8933
2019-08-05 14:10:00,19.13,19.14,19.12,19.131,25508
2019-08-05 14:05:00,19.15,19.16,19.13,19.13,14136
2019-08-05 14:00:00,19.155,19.1699,19.155,19.16,9757
2019-08-05 13:55:00,19.17,19.17,19.15,19.1599,27565
2019-08-05 13:50:00,19.155,19.18,19.15,19.1799,13831
2019-08-05 13:45:00,19.18,19.19,19.155,19.1577,14434
2019-08-05 13:40:00,19.17,19.1769,19.16,19.1769,9104
2019-08-05 13:35:00,19.18,19.18,19.16,19.165,14770
2019-08-05 13:30:00,19.2,19.2,19.18,19.18,15966
2019-08-05 13:25:00,19.1852,19.2,19.1852,19.195,12169
2019-08-05 13:20:00,19.19,19.1952,19.185,19.19,5409
2019-08-05 13:15:00,19.18,19.2,19.177,19.1857,8139
2019-08-05 13:10:00,19.187,19.19,19.175,19.175,8564
2019-08-05 13:05:00,19.155,19.2,19.155,19.18,22964
2019-08-05 13:00:00,19.16,19.18,19.15,19.165,16417
2019-08-05 12:55:00,19.1699,19.1799,19.16,19.165,8668
2019-08-05 12:50:00,19.17,19.19,19.16,19.16,20336
2019-08-05 12:45:00,19.2,19.2,19.17,19.18,8016
2019-08-05 12:40:00,19.21,19.215,19.1857,19.1857,16660
2019-08-05 12:35:00,19.1969,19.22,19.195,19.21,12794
2019-08-05 12:30:00,19.22,19.2211,19.18,19.195,15429
2019-08-05 12:25:00,19.2399,19.24,19.22,19.225,19484
2019-08-05 12:20:00,19.24,19.26,19.23,19.23,15116
2019-08-05 12:15:00,19.22,19.245,19.21,19.245,8871
2019-08-05 12:10:00,19.2,19.23,19.2,19.22,9670
2019-08-05 12:05:00,19.22,19.22,19.19,19.19,9734
2019-08-05 12:00:00,19.23,19.255,19.225,19.225,15879
2019-08-05 11:55:00,19.207,19.23,19.2,19.23,6008
2019-08-05 11:50:00,19.22,19.23,19.2,19.2,17401
2019-08-05 11:45:00,19.25,19.25,19.2166,19.2166,12427
2019-08-05 11:40:00,19.255,19.2565,19.2301,19.245,13292
2019-08-05 11:35:00,19.25,19.28,19.245,19.255,35040
2019-08-05 11:30:00,19.2265,19.2499,19.2246,19.2443,9363
2019-08-05 11:25:00,19.215,19.24,19.21,19.23,82504
2019-08-05 11:20:00,19.175,19.2199,19.17,19.215,22394
2019-08-05 11:15:00,19.135,19.18,19.135,19.175,26022
2019-08-05 11:10:00,19.12,19.14,19.105,19.135,22509
2019-08-05 11:05:00,19.07,19.115,19.0675,19.115,745682
2019-08-05 11:00:00,19.045,19.0601,19.035,19.0601,0
2019-08-05 10:55:00,19.045,19.07,19.02,19.0444,60412
2019-08-05 10:50:00,19.09,19.095,19.04,19.04,21429
2019-08-05 10:45:00,19.14,19.14,19.09,19.0968,49319
2019-08-05 10:40:00,19.11,19.1366,19.11,19.1366,23869
2019-08-05 10:35:00,19.13,19.14,19.11,19.11,30263
2019-08-05 10:30:00,19.1277,19.15,19.115,19.1347,48307
2019-08-05 10:25:00,19.17,19.17,19.11,19.1268,33217
2019-08-05 10:20:00,19.21,19.21,19.14,19.1699,72420
2019-08-05 10:15:00,19.2199,19.22,19.2,19.21,8651
2019-08-05 10:10:00,19.21,19.22,19.2019,19.2151,21166
2019-08-05 10:05:00,19.265,19.285,19.21,19.21,48369
2019-08-05 10:00:00,19.27,19.27,19.255,19.26,27340
2019-08-05 09:55:00,19.286,19.3001,19.27,19.28,14718
2019-08-05 09:50:00,19.285,19.2856,19.25,19.28,49762
2019-08-05 09:45:00,19.3299,19.33,19.2801,19.2801,42846
2019-08-05 09:40:00,19.345,19.3601,19.32,19.33,24695
2019-08-05 09:35:00,19.45,19.55,19.32,19.343,93596
2019-08-02 16:00:00,19.48,19.5,19.475,19.48,71296
2019-08-02 15:55:00,19.515,19.52,19.48,19.48,42166
2019-08-02 15:50:00,19.5011,19.52,19.5005,19.5199,33122
2019-08-02 15:45:00,19.52,19.52,19.49,19.506,37999
2019-08-02 15:40:00,19.49,19.5301,19.48,19.5101,40764
2019-08-02 15:35:00,19.4801,19.49,19.47,19.49,29479
2019-08-02 15:30:00,19.4723,19.49,19.47,19.49,22880
2019-08-02 15:25:00,19.475,19.48,19.46,19.475,16042
2019-08-02 15:20:00,19.47,19.4799,19.455,19.4799,18507
2019-08-02 15:15:00,19.47,19.4799,19.465,19.4696,14743
2019-08-02 15:10:00,19.485,19.4899,19.46,19.465,4735
2019-08-02 15:05:00,19.485,19.49,19.48,19.48,18847
2019-08-02 15:00:00,19.4899,19.49,19.4748,19.49,7912
2019-08-02 14:55:00,19.48,19.495,19.47,19.49,14480
2019-08-02 14:50:00,19.485,19.5,19.48,19.484,23479
2019-08-02 14:45:00,19.48,19.5,19.4616,19.4801,28978
2019-08-02 14:40:00,19.455,19.475,19.45,19.475,15055
2019-08-02 14:35:00,19.47,19.47,19.45,19.46,10343
2019-08-02 14:30:00,19.48,19.4842,19.4599,19.4668,20095
2019-08-02 14:25:00,19.49,19.49,19.47,19.48,22048
2019-08-02 14:20:00,19.4965,19.5,19.49,19.495,20207
2019-08-02 14:15:00,19.5,19.5,19.49,19.5,19628
2019-08-02 14:10:00,19.5198,19.52,19.5,19.5099,17926
2019-08-02 14:05:00,19.5,19.51,19.5,19.5022,13362
2019-08-02 14:00:00,19.529,19.529,19.5,19.5099,13894
2019-08-02 13:55:00,19.52,19.53,19.52,19.5252,5424
2019-08-02 13:50:00,19.53,19.53,19.52,19.52,2971
2019-08-02 13:45:00,19.52,19.54,19.515,19.53,31469
2019-08-02 13:40:00,19.52,19.5299,19.51,19.515,6577
2019-08-02 13:35:00,19.52,19.53,19.515,19.52,14690
2019-08-02 13:30:00,19.53,19.5395,19.52,19.525,6158
2019-08-02 13:25:00,19.53,19.545,19.53,19.53,23493
2019-08-02 13:20:00,19.535,19.54,19.53,19.535,9680
2019-08-02 13:15:00,19.5384,19.54,19.53,19.53,9488
2019-08-02 13:10:00,19.525,19.53,19.5248,19.525,19896
2019-08-02 13:05:00,19.5262,19.53,19.5,19.53,58735
2019-08-02 13:00:00,19.525,19.53,19.52,19.53,6550
2019-08-02 12:55:00,19.52,19.53,19.52,19.5256,37550
2019-08-02 12:50:00,19.5344,19.535,19.52,19.525,35122
2019-08-02 12:45:00,19.54,19.54,19.53,19.5301,11098
2019-08-02 12:40:00,19.53,19.54,19.525,19.535,23790
2019-08-02 12:35:00,19.505,19.53,19.5,19.53,29963
2019-08-02 12:30:00,19.5001,19.51,19.5001,19.51,9018
2019-08-02 12:25:00,19.5,19.51,19.495,19.5096,29143
2019-08-02 12:20:00,19.515,19.525,19.48,19.495,59642
2019-08-02 12:15:00,19.51,19.52,19.505,19.51,52680
2019-08-02 12:10:00,19.495,19.51,19.495,19.505,52807
2019-08-02 12:05:00,19.49,19.51,19.49,19.495,107769
2019-08-02 12:00:00,19.495,19.5,19.49,19.5,18345
2019-08-02 11:55:00,19.5,19.5,19.495,19.5,13952
2019-08-02 11:50:00,19.485,19.5,19.4827,19.4918,33250
2019-08-02 11:45:00,19.49,19.5,19.481,19.4841,26040
2019-08-02 11:40:00,19.4861,19.49,19.4829,19.485,14508
2019-08-02 11:35:00,19.48,19.5,19.48,19.485,32973
2019-08-02 11:30:00,19.49,19.49,19.48,19.49,11456
2019-08-02 11:25:00,19.49,19.495,19.48,19.4836,21232
2019-08-02 11:20:00,19.5,19.5,19.49,19.5,14578
2019-08-02 11:15:00,19.48,19.5,19.48,19.495,20633
2019-08-02 11:10:00,19.48,19.48,19.47,19.4799,28077
2019-08-02 11:05:00,19.46,19.48,19.45,19.48,24902
2019-08-02 11:00:00,19.455,19.46,19.45,19.46,23778
2019-08-02 10:55:00,19.46,19.46,19.45,19.46,3252
2019-08-02 10:50:00,19.445,19.455,19.44,19.455,19237
2019-08-02 10:45:00,19.43,19.45,19.4241,19.4413,25198
2019-08-02 10:40:00,19.4261,19.435,19.4064,19.43,44624
2019-08-02 10:35:00,19.427,19.43,19.42,19.425,10732
2019-08-02 10:30:00,19.44,19.44,19.415,19.4299,28255
2019-08-02 10:25:00,19.43,19.44,19.42,19.439,50442
2019-08-02 10:20:00,19.4261,19.43,19.42,19.43,29750
2019-08-02 10:15:00,19.434,19.46,19.42,19.4249,62269
2019-08-02 10:10:00,19.43,19.44,19.425,19.4354,29961
2019-08-02 10:05:00,19.43,19.45,19.42,19.4255,35766
2019-08-02 10:00:00,19.399,19.45,19.38,19.4261,55137
2019-08-02 09:55:00,19.37,19.4,19.36,19.4,61699
2019-08-02 09:50:00,19.375,19.3965,19.36,19.3639,55950
2019-08-02 09:45:00,19.455,19.455,19.353,19.38,52818
2019-08-02 09:40:00,19.41,19.47,19.405,19.46,58594
2019-08-02 09:35:00,19.3,19.43,19.3,19.41,105269
2019-08-01 16:00:00,19.285,19.29,19.27,19.28,66957
2019-08-01 15:55:00,19.31,19.31,19.28,19.28,43680
2019-08-01 15:50:00,19.325,19.33,19.29,19.31,91409
2019-08-01 15:45:00,19.345,19.35,19.32,19.3201,28267
2019-08-01 15:40:00,19.33,19.35,19.325,19.345,25370
2019-08-01 15:35:00,19.35,19.35,19.32,19.33,14965
2019-08-01 15:30:00,19.36,19.365,19.34,19.34,18619
2019-08-01 15:25:00,19.36,19.365,19.35,19.365,15911
2019-08-01 15:20:00,19.34,19.37,19.33,19.37,12191
2019-08-01 15:15:00,19.35,19.36,19.32,19.335,17858
2019-08-01 15:10:00,19.375,19.38,19.35,19.35,19954
2019-08-01 15:05:00,19.37,19.38,19.345,19.38,27533
2019-08-01 15:00:00,19.365,19.37,19.36,19.365,2989
2019-08-01 14:55:00,19.36,19.38,19.355,19.37,7726
2019-08-01 14:50:00,19.34,19.365,19.34,19.355,11727
2019-08-01 14:45:00,19.3447,19.355,19.33,19.34,10450
2019-08-01 14:40:00,19.345,19.35,19.34,19.34,2947
2019-08-01 14:35:00,19.355,19.355,19.335,19.35,7010
2019-08-01 14:30:00,19.34,19.36,19.335,19.35,8804
2019-08-01 14:25:00,19.345,19.35,19.33,19.345,8901
2019-08-01 14:20:00,19.335,19.345,19.32,19.345,13084
2019-08-01 14:15:00,19.306,19.335,19.3,19.335,10482
2019-08-01 14:10:00,19.31,19.325,19.3,19.305,21783
2019-08-01 14:05:00,19.35,19.35,19.305,19.305,13525
2019-08-01 14:00:00,19.3,19.355,19.3,19.35,26527
2019-08-01 13:55:00,19.3338,19.34,19.3011,19.31,21775
2019-08-01 13:50:00,19.33,19.34,19.31,19.3347,30000
2019-08-01 13:45:00,19.32,19.34,19.31,19.33,11036
2019-08-01 13:40:00,19.335,19.35,19.3202,19.325,10100
2019-08-01 13:35:00,19.33,19.345,19.32,19.33,13529
2019-08-01 13:30:00,19.38,19.38,19.32,19.33,27038
2019-08-01 13:25:00,19.385,19.39,19.38,19.38,2867
2019-08-01 13:20:00,19.385,19.39,19.38,19.385,3526
2019-08-01 13:15:00,19.37,19.395,19.37,19.385,17823
2019-08-01 13:10:00,19.38,19.38,19.36,19.365,10486
2019-08-01 13:05:00,19.38,19.385,19.36,19.38,9819
2019-08-01 13:00:00,19.38,19.395,19.375,19.385,13144
2019-08-01 12:55:00,19.39,19.39,19.38,19.3837,4721
2019-08-01 12:50:00,19.345,19.395,19.345,19.385,10329
2019-08-01 12:45:00,19.33,19.35,19.33,19.35,14346
2019-08-01 12:40:00,19.325,19.33,19.32,19.33,5056
2019-08-01 12:35:00,19.325,19.325,19.31,19.325,22844
2019-08-01 12:30:00,19.33,19.33,19.31,19.325,19557
2019-08-01 12:25:00,19.325,19.33,19.32,19.325,1095
2019-08-01 12:20:00,19.325,19.33,19.32,19.325,5514
2019-08-01 12:15:00,19.3299,19.33,19.32,19.325,2728
2019-08-01 12:10:00,19.33,19.34,19.325,19.33,5603
2019-08-01 12:05:00,19.34,19.35,19.325,19.335,18822
2019-08-01 12:00:00,19.3387,19.35,19.335,19.345,7743
2019-08-01 11:55:00,19.335,19.35,19.335,19.34,4952
2019-08-01 11:50:00,19.32,19.34,19.315,19.335,11072
2019-08-01 11:45:00,19.3201,19.34,19.31,19.32,16323
2019-08-01 11:40:00,19.33,19.335,19.3206,19.3206,4109
2019-08-01 11:35:00,19.315,19.325,19.3,19.325,8101
2019-08-01 11:30:00,19.315,19.33,19.31,19.315,6230
2019-08-01 11:25:00,19.32,19.32,19.305,19.32,4704
2019-08-01 11:20:00,19.31,19.325,19.305,19.315,7619
2019-08-01 11:15:00,19.3,19.33,19.2901,19.32,11761
2019-08-01 11:10:00,19.2899,19.315,19.285,19.305,15731
2019-08-01 11:05:00,19.295,19.31,19.285,19.285,16848
2019-08-01 11:00:00,19.315,19.32,19.29,19.3,8171
2019-08-01 10:55:00,19.35,19.36,19.31,19.32,10939
2019-08-01 10:50:00,19.36,19.37,19.345,19.35,11861
2019-08-01 10:45:00,19.3747,19.38,19.35,19.365,12407
2019-08-01 10:40:00,19.365,19.38,19.36,19.38,4859
2019-08-01 10:35:00,19.37,19.38,19.355,19.365,21532
2019-08-01 10:30:00,19.38,19.38,19.355,19.36,25473
2019-08-01 10:25:00,19.375,19.38,19.365,19.38,5562
2019-08-01 10:20:00,19.355,19.375,19.355,19.37,14449
2019-08-01 10:15:00,19.355,19.38,19.35,19.36,16384
2019-08-01 10:10:00,19.37,19.38,19.3599,19.37,18734
2019-08-01 10:05:00,19.37,19.39,19.35,19.365,12544
2019-08-01 10:00:00,19.39,19.395,19.36,19.38,6898
2019-08-01 09:55:00,19.325,19.365,19.315,19.359,17246
2019-08-01 09:50:00,19.35,19.385,19.31,19.32,56250
2019-08-01 09:45:00,19.395,19.415,19.35,19.35,15320
2019-08-01 09:40:00,19.39,19.43,19.345,19.395,56254
2019-08-01 09:35:00,19.33,19.38,19.3101,19.38,29687
2019-07-31 16:00:00,19.29,19.32,19.28,19.28,93518
2019-07-31 15:55:00,19.33,19.335,19.28,19.295,45969
2019-07-31 15:50:00,19.345,19.35,19.33,19.33,29712
2019-07-31 15:45:00,19.35,19.355,19.33,19.345,35936
2019-07-31 15:40:00,19.365,19.38,19.34,19.355,32695
2019-07-31 15:35:00,19.4,19.4,19.36,19.37,14520
2019-07-31 15:30:00,19.41,19.419,19.4,19.4,16015
2019-07-31 15:25:00,19.4,19.41,19.385,19.4,17843
2019-07-31 15:20:00,19.36,19.39,19.34,19.39,34355
2019-07-31 15:15:00,19.38,19.38,19.35,19.36,18066
2019-07-31 15:10:00,19.3441,19.38,19.3441,19.38,19433
2019-07-31 15:05:00,19.31,19.36,19.29,19.34,20917
2019-07-31 15:00:00,19.27,19.315,19.27,19.315,14840
2019-07-31 14:55:00,19.34,19.34,19.2586,19.27,24136
2019-07-31 14:50:00,19.37,19.39,19.3399,19.3399,15726
2019-07-31 14:45:00,19.4,19.4,19.37,19.375,38632
2019-07-31 14:40:00,19.4199,19.43,19.3999,19.409,14430
2019-07-31 14:35:00,19.4111,19.43,19.4,19.4132,13780
2019-07-31 14:30:00,19.4201,19.43,19.41,19.41,13711
2019-07-31 14:25:00,19.4299,19.44,19.41,19.42,13588
2019-07-31 14:20:00,19.4,19.42,19.3799,19.42,21208
2019-07-31 14:15:00,19.37,19.42,19.37,19.4,24929
2019-07-31 14:10:00,19.33,19.4,19.33,19.37,26382
2019-07-31 14:05:00,19.4,19.4,19.33,19.33,4582
2019-07-31 14:00:00,19.3799,19.4,19.375,19.39,16157
2019-07-31 13:55:00,19.3799,19.38,19.36,19.37,10048
2019-07-31 13:50:00,19.35,19.38,19.35,19.37,11770
2019-07-31 13:45:00,19.355,19.36,19.34,19.3599,5670
2019-07-31 13:40:00,19.33,19.375,19.33,19.35,48005
2019-07-31 13:35:00,19.31,19.34,19.31,19.3299,8744
2019-07-31 13:30:00,19.3,19.32,19.29,19.32,15655
2019-07-31 13:25:00,19.31,19.31,19.29,19.31,6751
2019-07-31 13:20:00,19.295,19.32,19.29,19.31,9507
2019-07-31 13:15:00,19.29,19.3099,19.28,19.3,11402
2019-07-31 13:10:00,19.31,19.3101,19.285,19.285,10103
2019-07-31 13:05:00,19.32,19.325,19.315,19.3219,7605
2019-07-31 13:00:00,19.32,19.33,19.31,19.325,9148
2019-07-31 12:55:00,19.3299,19.3299,19.32,19.325,4687
2019-07-31 12:50:00,19.31,19.3299,19.31,19.32,9384
2019-07-31 12:45:00,19.285,19.305,19.28,19.3,14064
2019-07-31 12:40:00,19.2699,19.285,19.265,19.28,38195
2019-07-31 12:35:00,19.28,19.29,19.265,19.27,10772
2019-07-31 12:30:00,19.27,19.29,19.26,19.29,13233
2019-07-31 12:25:00,19.31,19.31,19.27,19.27,14344
2019-07-31 12:20:00,19.32,19.33,19.31,19.31,6982
2019-07-31 12:15:00,19.33,19.33,19.315,19.325,10485
2019-07-31 12:10:00,19.33,19.335,19.32,19.33,13396
2019-07-31 12:05:00,19.355,19.37,19.33,19.335,24473
2019-07-31 12:00:00,19.4,19.41,19.35,19.36,15458
2019-07-31 11:55:00,19.395,19.4199,19.395,19.405,13479
2019-07-31 11:50:00,19.4256,19.4299,19.39,19.395,14156
2019-07-31 11:45:00,19.4119,19.43,19.395,19.42,21487
2019-07-31 11:40:00,19.45,19.45,19.415,19.415,31283
2019-07-31 11:35:00,19.44,19.45,19.43,19.45,37294
2019-07-31 11:30:00,19.4699,19.4699,19.43,19.44,43318
2019-07-31 11:25:00,19.455,19.47,19.45,19.46,36556
2019-07-31 11:20:00,19.47,19.47,19.45,19.455,50112
2019-07-31 11:15:00,19.4699,19.47,19.46,19.47,20599
2019-07-31 11:10:00,19.46,19.475,19.46,19.47,35223
2019-07-31 11:05:00,19.4753,19.48,19.46,19.465,33712
2019-07-31 11:00:00,19.4319,19.485,19.4319,19.48,85837
2019-07-31 10:55:00,19.415,19.44,19.395,19.43,47858
2019-07-31 10:50:00,19.41,19.43,19.36,19.42,153726
2019-07-31 10:45:00,19.385,19.435,19.3823,19.415,216273
2019-07-31 10:40:00,19.375,19.395,19.375,19.385,74864
2019-07-31 10:35:00,19.37,19.39,19.37,19.38,72565
2019-07-31 10:30:00,19.37,19.395,19.3601,19.385,72755
2019-07-31 10:25:00,19.32,19.3799,19.32,19.375,50360
2019-07-31 10:20:00,19.32,19.34,19.3,19.31,28851
2019-07-31 10:15:00,19.32,19.32,19.27,19.32,24293
2019-07-31 10:10:00,19.27,19.32,19.24,19.32,14435
2019-07-31 10:05:00,19.26,19.2799,19.228,19.27,10084
2019-07-31 10:00:00,19.21,19.27,19.21,19.26,6821
2019-07-31 09:55:00,19.18,19.22,19.17,19.21,21992
2019-07-31 09:50:00,19.12,19.17,19.09,19.17,36070
2019-07-31 09:45:00,19.0768,19.14,19.06,19.1,27712
2019-07-31 09:40:00,19.045,19.1,19.02,19.07,28662
2019-07-31 09:35:00,18.9,19.07,18.86,19.03,143859
2019-07-30 16:00:00,19.21,19.22,19.2,19.22,141522
2019-07-30 15:55:00,19.2,19.21,19.195,19.2,50207
2019-07-30 15:50:00,19.22,19.22,19.2,19.205,38800
2019-07-30 15:45:00,19.215,19.22,19.21,19.215,31704
2019-07-30 15:40:00,19.225,19.23,19.21,19.215,16705
2019-07-30 15:35:00,19.21,19.225,19.2,19.225,32826
2019-07-30 15:30:00,19.23,19.23,19.205,19.21,23380
2019-07-30 15:25:00,19.22,19.23,19.22,19.225,3347
2019-07-30 15:20:00,19.23,19.23,19.22,19.225,7470
2019-07-30 15:15:00,19.205,19.225,19.2,19.225,32325
2019-07-30 15:10:00,19.22,19.225,19.2,19.21,9490
2019-07-30 15:05:00,19.22,19.23,19.215,19.22,14593
2019-07-30 15:00:00,19.23,19.24,19.22,19.22,10878
2019-07-30 14:55:00,19.24,19.24,19.23,19.23,9648
2019-07-30 14:50:00,19.23,19.24,19.23,19.24,4038
2019-07-30 14:45:00,19.23,19.24,19.23,19.23,4076
2019-07-30 14:40:00,19.235,19.245,19.235,19.235,16556
2019-07-30 14:35:00,19.24,19.24,19.2345,19.2345,1228
2019-07-30 14:30:00,19.24,19.24,19.235,19.2377,9483
2019-07-30 14:25:00,19.235,19.24,19.23,19.24,19209
2019-07-30 14:20:00,19.22,19.23,19.22,19.225,10882
2019-07-30 14:15:00,19.24,19.25,19.22,19.23,9524
2019-07-30 14:10:00,19.245,19.25,19.235,19.245,14832
2019-07-30 14:05:00,19.24,19.245,19.24,19.245,5429
2019-07-30 14:00:00,19.235,19.25,19.235,19.24,16714
2019-07-30 13:55:00,19.235,19.24,19.235,19.24,16124
2019-07-30 13:50:00,19.22,19.23,19.215,19.215,6665
2019-07-30 13:45:00,19.2399,19.2399,19.225,19.225,5714
2019-07-30 13:40:00,19.2366,19.2399,19.235,19.235,5975
2019-07-30 13:35:00,19.23,19.2363,19.23,19.23,2248
2019-07-30 13:30:00,19.25,19.25,19.225,19.235,20996
2019-07-30 13:25:00,19.25,19.25,19.24,19.24,2489
2019-07-30 13:20:00,19.227,19.245,19.227,19.24,9481
2019-07-30 13:15:00,19.245,19.25,19.225,19.23,23349
2019-07-30 13:10:00,19.225,19.25,19.225,19.245,10566
2019-07-30 13:05:00,19.225,19.23,19.2235,19.225,5041
2019-07-30 13:00:00,19.22,19.23,19.215,19.225,16993
2019-07-30 12:55:00,19.225,19.225,19.21,19.21,8096
2019-07-30 12:50:00,19.23,19.23,19.215,19.225,27984
2019-07-30 12:45:00,19.24,19.25,19.23,19.23,16853
2019-07-30 12:40:00,19.25,19.25,19.24,19.25,5170
2019-07-30 12:35:00,19.25,19.25,19.245,19.25,11113
2019-07-30 12:30:00,19.2261,19.25,19.2261,19.245,15690
2019-07-30 12:25:00,19.235,19.24,19.22,19.23,12206
2019-07-30 12:20:00,19.235,19.24,19.235,19.24,4825
2019-07-30 12:15:00,19.23,19.24,19.22,19.235,21472
2019-07-30 12:10:00,19.23,19.235,19.22,19.23,22184
2019-07-30 12:05:00,19.245,19.25,19.245,19.25,2931
2019-07-30 12:00:00,19.24,19.25,19.23,19.25,19676
2019-07-30 11:55:00,19.23,19.24,19.23,19.24,5005
2019-07-30 11:50:00,19.2352,19.2352,19.23,19.23,741
2019-07-30 11:45:00,19.24,19.24,19.2301,19.24,21722
2019-07-30 11:40:00,19.25,19.25,19.24,19.24,4837
2019-07-30 11:35:00,19.26,19.27,19.25,19.25,5632
2019-07-30 11:30:00,19.25,19.26,19.245,19.26,14013
2019-07-30 11:25:00,19.255,19.26,19.245,19.2456,8756
2019-07-30 11:20:00,19.255,19.26,19.255,19.2562,3903
2019-07-30 11:15:00,19.26,19.26,19.25,19.255,17313
2019-07-30 11:10:00,19.25,19.26,19.25,19.25,2247
2019-07-30 11:05:00,19.255,19.27,19.25,19.256,9321
2019-07-30 11:00:00,19.245,19.26,19.245,19.25,5576
2019-07-30 10:55:00,19.25,19.255,19.2414,19.245,38904
2019-07-30 10:50:00,19.27,19.27,19.245,19.2465,31587
2019-07-30 10:45:00,19.2631,19.28,19.2631,19.275,13933
2019-07-30 10:40:00,19.25,19.26,19.2401,19.26,19382
2019-07-30 10:35:00,19.25,19.255,19.245,19.25,29410
2019-07-30 10:30:00,19.24,19.25,19.235,19.245,20998
2019-07-30 10:25:00,19.24,19.25,19.2325,19.235,6046
2019-07-30 10:20:00,19.245,19.25,19.24,19.245,81214
2019-07-30 10:15:00,19.24,19.245,19.225,19.245,22295
2019-07-30 10:10:00,19.23,19.24,19.22,19.23,18459
2019-07-30 10:05:00,19.235,19.25,19.2301,19.235,31093
2019-07-30 10:00:00,19.26,19.26,19.23,19.235,22571
2019-07-30 09:55:00,19.27,19.28,19.25,19.265,28873
2019-07-30 09:50:00,19.275,19.28,19.24,19.27,27098
2019-07-30 09:45:00,19.255,19.29,19.24,19.27,31807
2019-07-30 09:40:00,19.28,19.3,19.25,19.25,20727
2019-07-30 09:35:00,19.26,19.35,19.2,19.29,152593
2019-07-29 16:00:00,19.155,19.17,19.14,19.16,101009
2019-07-29 15:55:00,19.1699,19.18,19.15,19.155,56677
2019-07-29 15:50:00,19.15,19.17,19.145,19.17,27633
2019-07-29 15:45:00,19.165,19.165,19.14,19.15,48620
2019-07-29 15:40:00,19.175,19.175,19.16,19.165,16043
2019-07-29 15:35:00,19.165,19.18,19.165,19.175,7813
2019-07-29 15:30:00,19.185,19.19,19.165,19.165,20317
2019-07-29 15:25:00,19.1735,19.185,19.17,19.185,9983
2019-07-29 15:20:00,19.17,19.18,19.16,19.18,7037
2019-07-29 15:15:00,19.175,19.175,19.16,19.165,8531
2019-07-29 15:10:00,19.185,19.19,19.17,19.17,13491
2019-07-29 15:05:00,19.185,19.19,19.18,19.1857,5886
2019-07-29 15:00:00,19.17,19.19,19.165,19.185,16829
2019-07-29 14:55:00,19.16,19.17,19.16,19.165,3618
2019-07-29 14:50:00,19.165,19.17,19.16,19.165,1135
2019-07-29 14:45:00,19.175,19.175,19.16,19.165,9094
2019-07-29 14:40:00,19.165,19.175,19.16,19.175,9205
2019-07-29 14:35:00,19.16,19.17,19.155,19.165,27736
2019-07-29 14:30:00,19.165,19.17,19.16,19.17,19279
2019-07-29 14:25:00,19.17,19.17,19.1544,19.165,25412
2019-07-29 14:20:00,19.175,19.18,19.17,19.175,19625
2019-07-29 14:15:00,19.165,19.19,19.165,19.18,17595
2019-07-29 14:10:00,19.16,19.175,19.15,19.17,11307
2019-07-29 14:05:00,19.16,19.16,19.15,19.155,4206
2019-07-29 14:00:00,19.15,19.17,19.14,19.17,22047
2019-07-29 13:55:00,19.1561,19.16,19.15,19.15,4653
2019-07-29 13:50:00,19.15,19.16,19.15,19.155,2741
2019-07-29 13:45:00,19.155,19.1553,19.15,19.155,6175
2019-07-29 13:40:00,19.15,19.16,19.15,19.155,3827
2019-07-29 13:35:00,19.175,19.1799,19.15,19.155,23798
2019-07-29 13:30:00,19.18,19.185,19.17,19.175,7807
2019-07-29 13:25:00,19.205,19.205,19.18,19.19,17724
2019-07-29 13:20:00,19.21,19.22,19.2,19.2,11684
2019-07-29 13:15:00,19.195,19.21,19.19,19.205,7028
2019-07-29 13:10:00,19.205,19.21,19.195,19.195,4392
2019-07-29 13:05:00,19.205,19.21,19.2,19.2,2331
2019-07-29 13:00:00,19.2099,19.2099,19.2,19.2,8068
2019-07-29 12:55:00,19.207,19.207,19.195,19.2,17762
2019-07-29 12:50:00,19.21,19.22,19.205,19.205,14134
2019-07-29 12:45:00,19.2,19.21,19.19,19.21,17358
2019-07-29 12:40:00,19.2,19.21,19.2,19.2,8130
2019-07-29 12:35:00,19.2,19.205,19.2,19.205,2898
2019-07-29 12:30:00,19.205,19.21,19.195,19.205,14161
2019-07-29 12:25:00,19.21,19.21,19.2,19.205,3255
2019-07-29 12:20:00,19.195,19.21,19.185,19.2,13696
2019-07-29 12:15:00,19.19,19.2,19.19,19.195,3238
2019-07-29 12:10:00,19.2,19.2059,19.19,19.19,8685
2019-07-29 12:05:00,19.205,19.21,19.205,19.205,16547
2019-07-29 12:00:00,19.21,19.22,19.2,19.215,9440
2019-07-29 11:55:00,19.2,19.21,19.2,19.205,2034
2019-07-29 11:50:00,19.2,19.205,19.19,19.2,7827
2019-07-29 11:45:00,19.195,19.2,19.19,19.195,2591
2019-07-29 11:40:00,19.195,19.21,19.19,19.195,10641
2019-07-29 11:35:00,19.19,19.195,19.185,19.195,3386
2019-07-29 11:30:00,19.185,19.19,19.18,19.19,1937
2019-07-29 11:25:00,19.2,19.2,19.18,19.19,11650
2019-07-29 11:20:00,19.19,19.2,19.185,19.19,7026
2019-07-29 11:15:00,19.205,19.21,19.185,19.185,6546
2019-07-29 11:10:00,19.2199,19.2199,19.2,19.205,10621
2019-07-29 11:05:00,19.2071,19.22,19.205,19.215,4020
2019-07-29 11:00:00,19.215,19.22,19.205,19.205,6459
2019-07-29 10:55:00,19.22,19.2232,19.21,19.215,5661
2019-07-29 10:50:00,19.225,19.24,19.21,19.215,13417
2019-07-29 10:45:00,19.2299,19.24,19.22,19.23,20968
2019-07-29 10:40:00,19.235,19.24,19.22,19.225,15749
2019-07-29 10:35:00,19.245,19.25,19.23,19.23,13283
2019-07-29 10:30:00,19.23,19.25,19.22,19.245,7260
2019-07-29 10:25:00,19.25,19.25,19.22,19.23,14870
2019-07-29 10:20:00,19.25,19.25,19.21,19.24,28912
2019-07-29 10:15:00,19.25,19.25,19.24,19.24,12527
2019-07-29 10:10:00,19.25,19.25,19.23,19.25,13934
2019-07-29 10:05:00,19.24,19.255,19.23,19.24,28178
2019-07-29 10:00:00,19.26,19.27,19.24,19.24,13632
2019-07-29 09:55:00,19.26,19.26,19.24,19.25,29776
2019-07-29 09:50:00,19.21,19.26,19.2,19.26,45597
2019-07-29 09:45:00,19.19,19.21,19.17,19.205,35009
2019-07-29 09:40:00,19.18,19.21,19.16,19.185,29736
2019-07-29 09:35:00,19.18,19.23,19.17,19.17,27321
2019-07-26 16:00:00,19.185,19.21,19.17,19.19,184240
2019-07-26 15:55:00,19.17,19.195,19.16,19.18,49498
2019-07-26 15:50:00,19.17,19.18,19.17,19.17,9846
2019-07-26 15:45:00,19.18,19.19,19.175,19.175,32997
2019-07-26 15:40:00,19.19,19.19,19.17,19.18,20259
2019-07-26 15:35:00,19.19,19.1999,19.18,19.1948,20681
2019-07-26 15:30:00,19.2,19.2,19.185,19.185,11978
2019-07-26 15:25:00,19.195,19.2,19.18,19.19,9590
2019-07-26 15:20:00,19.18,19.2,19.17,19.19,16424
2019-07-26 15:15:00,19.17,19.185,19.16,19.18,14500
2019-07-26 15:10:00,19.1648,19.18,19.16,19.17,29691
2019-07-26 15:05:00,19.205,19.205,19.15,19.16,313069
2019-07-26 15:00:00,19.225,19.23,19.15,19.2,890487
2019-07-26 14:55:00,19.22,19.23,19.22,19.225,9572
2019-07-26 14:50:00,19.205,19.22,19.2,19.215,11278
2019-07-26 14:45:00,19.205,19.2066,19.2,19.205,3404
2019-07-26 14:40:00,19.205,19.21,19.2,19.2,4648
2019-07-26 14:35:00,19.205,19.21,19.2,19.21,3663
2019-07-26 14:30:00,19.2,19.21,19.2,19.2,4631
2019-07-26 14:25:00,19.21,19.21,19.205,19.205,2101
2019-07-26 14:20:00,19.205,19.21,19.19,19.205,17215
2019-07-26 14:15:00,19.21,19.21,19.2,19.205,5634
2019-07-26 14:10:00,19.2059,19.21,19.2,19.2,5151
2019-07-26 14:05:00,19.205,19.21,19.2,19.205,3063
2019-07-26 14:00:00,19.205,19.21,19.2,19.205,2778
2019-07-26 13:55:00,19.2,19.21,19.2,19.205,5630
2019-07-26 13:50:00,19.205,19.205,19.2,19.2,3249
2019-07-26 13:45:00,19.2036,19.21,19.2,19.2,5462
2019-07-26 13:40:00,19.2,19.21,19.2,19.2043,3927
2019-07-26 13:35:00,19.215,19.215,19.2,19.2,17240
2019-07-26 13:30:00,19.2041,19.22,19.2,19.2136,11617
2019-07-26 13:25:00,19.205,19.21,19.205,19.205,3061
2019-07-26 13:20:00,19.21,19.215,19.2,19.205,17471
2019-07-26 13:15:00,19.205,19.21,19.2,19.2,3096
2019-07-26 13:10:00,19.205,19.2061,19.2,19.2,2728
2019-07-26 13:05:00,19.215,19.22,19.2,19.2,10497
2019-07-26 13:00:00,19.205,19.2198,19.2,19.215,15763
2019-07-26 12:55:00,19.205,19.205,19.2,19.205,2528
2019-07-26 12:50:00,19.205,19.21,19.2,19.205,1777
2019-07-26 12:45:00,19.195,19.21,19.19,19.205,12404
2019-07-26 12:40:00,19.195,19.1951,19.195,19.1951,804
2019-07-26 12:35:00,19.195,19.2,19.19,19.19,1933
2019-07-26 12:30:00,19.18,19.2,19.18,19.195,10731
2019-07-26 12:25:00,19.19,19.195,19.18,19.18,22567
2019-07-26 12:20:00,19.205,19.21,19.19,19.1993,6849
2019-07-26 12:15:00,19.205,19.2099,19.2,19.205,1939
2019-07-26 12:10:00,19.195,19.205,19.193,19.2015,11595
2019-07-26 12:05:00,19.205,19.205,19.19,19.1919,6069
2019-07-26 12:00:00,19.205,19.21,19.2,19.2,6347
2019-07-26 11:55:00,19.2,19.2062,19.2,19.2,3754
2019-07-26 11:50:00,19.2,19.205,19.2,19.2,2629
2019-07-26 11:45:00,19.19,19.21,19.19,19.205,9070
2019-07-26 11:40:00,19.195,19.195,19.19,19.19,3403
2019-07-26 11:35:00,19.21,19.21,19.19,19.195,5279
2019-07-26 11:30:00,19.19,19.205,19.19,19.205,7592
2019-07-26 11:25:00,19.205,19.205,19.19,19.19,11717
2019-07-26 11:20:00,19.205,19.21,19.2,19.2,2801
2019-07-26 11:15:00,19.205,19.21,19.2,19.205,7686
2019-07-26 11:10:00,19.205,19.21,19.2,19.2,3950
2019-07-26 11:05:00,19.2,19.21,19.2,19.2,2546
2019-07-26 11:00:00,19.2,19.21,19.2,19.2,259858
2019-07-26 10:55:00,19.2,19.22,19.2,19.205,0
2019-07-26 10:50:00,19.205,19.21,19.2,19.21,5397
2019-07-26 10:45:00,19.21,19.21,19.2,19.2,5092
2019-07-26 10:40:00,19.2,19.215,19.19,19.21,13550
2019-07-26 10:35:00,19.21,19.21,19.2,19.2,3905
2019-07-26 10:30:00,19.19,19.21,19.18,19.2,26494
2019-07-26 10:25:00,19.225,19.225,19.19,19.1901,22372
2019-07-26 10:20:00,19.23,19.23,19.22,19.22,9343
2019-07-26 10:15:00,19.225,19.23,19.22,19.225,2911
2019-07-26 10:10:00,19.215,19.23,19.205,19.2251,10614
2019-07-26 10:05:00,19.24,19.24,19.21,19.21,24237
2019-07-26 10:00:00,19.22,19.22,19.21,19.22,11322
2019-07-26 09:55:00,19.2224,19.225,19.205,19.22,9408
2019-07-26 09:50:00,19.205,19.2299,19.19,19.225,14820
2019-07-26 09:45:00,19.215,19.23,19.2,19.2,15178
2019-07-26 09:40:00,19.22,19.24,19.19,19.22,23257
2019-07-26 09:35:00,19.2,19.235,19.19,19.2215,51689
2019-07-25 16:00:00,19.18,19.19,19.18,19.19,29601
2019-07-25 15:55:00,19.19,19.19,19.18,19.18,19951
2019-07-25 15:50:00,19.19,19.19,19.18,19.19,14580
2019-07-25 15:45:00,19.19,19.19,19.17,19.18,21806
2019-07-25 15:40:00,19.18,19.19,19.17,19.185,8248
2019-07-25 15:35:00,19.17,19.18,19.165,19.18,9982
2019-07-25 15:30:00,19.16,19.17,19.155,19.17,7158
2019-07-25 15:25:00,19.155,19.16,19.145,19.16,4819
2019-07-25 15:20:00,19.15,19.155,19.145,19.155,6578
2019-07-25 15:15:00,19.13,19.1564,19.13,19.145,17085
2019-07-25 15:10:00,19.1599,19.1599,19.13,19.135,6024
2019-07-25 15:05:00,19.17,19.18,19.155,19.155,8125
2019-07-25 15:00:00,19.165,19.18,19.16,19.1732,8169
2019-07-25 14:55:00,19.16,19.165,19.16,19.16,1515
2019-07-25 14:50:00,19.18,19.18,19.17,19.17,4747
2019-07-25 14:45:00,19.17,19.1733,19.165,19.17,3212
2019-07-25 14:40:00,19.16,19.18,19.16,19.17,6393
2019-07-25 14:35:00,19.15,19.16,19.15,19.155,1119
2019-07-25 14:30:00,19.15,19.16,19.15,19.16,3291
2019-07-25 14:25:00,19.14,19.16,19.14,19.15,4701
2019-07-25 14:20:00,19.165,19.165,19.14,19.14,3906
2019-07-25 14:15:00,19.16,19.17,19.155,19.165,8496
2019-07-25 14:10:00,19.17,19.175,19.15,19.155,9596
2019-07-25 14:05:00,19.135,19.18,19.1301,19.17,12454
2019-07-25 14:00:00,19.135,19.14,19.13,19.14,2697
2019-07-25 13:55:00,19.14,19.14,19.13,19.13,5679
2019-07-25 13:50:00,19.1399,19.145,19.135,19.145,2904
2019-07-25 13:45:00,19.135,19.14,19.135,19.14,1577
2019-07-25 13:40:00,19.16,19.16,19.135,19.14,14778
2019-07-25 13:35:00,19.14,19.16,19.14,19.16,5228
2019-07-25 13:30:00,19.13,19.14,19.13,19.14,2875
2019-07-25 13:25:00,19.13,19.13,19.125,19.13,3475
2019-07-25 13:20:00,19.115,19.13,19.115,19.13,2593
2019-07-25 13:15:00,19.11,19.12,19.11,19.115,1365
2019-07-25 13:10:00,19.09,19.115,19.09,19.115,4820
2019-07-25 13:05:00,19.085,19.09,19.085,19.09,1153
2019-07-25 13:00:00,19.08,19.09,19.08,19.09,5809
2019-07-25 12:55:00,19.0801,19.09,19.08,19.085,3308
2019-07-25 12:50:00,19.08,19.09,19.07,19.085,8046
2019-07-25 12:45:00,19.075,19.08,19.07,19.08,8796
2019-07-25 12:40:00,19.095,19.095,19.07,19.075,10856
2019-07-25 12:35:00,19.0938,19.11,19.09,19.1,9834
2019-07-25 12:30:00,19.095,19.1,19.091,19.1,2041
2019-07-25 12:25:00,19.0923,19.095,19.09,19.095,2500
2019-07-25 12:20:00,19.095,19.0967,19.09,19.09,50640
2019-07-25 12:15:00,19.1064,19.1064,19.1,19.105,301913
2019-07-25 12:10:00,19.11,19.11,19.105,19.105,0
2019-07-25 12:05:00,19.11,19.1125,19.105,19.11,10447
2019-07-25 12:00:00,19.12,19.14,19.115,19.125,12360
2019-07-25 11:55:00,19.115,19.12,19.1122,19.12,3015
2019-07-25 11:50:00,19.12,19.12,19.11,19.11,5276
2019-07-25 11:45:00,19.13,19.13,19.12,19.13,2738
2019-07-25 11:40:00,19.125,19.13,19.12,19.125,1486
2019-07-25 11:35:00,19.125,19.13,19.12,19.12,11137
2019-07-25 11:30:00,19.13,19.14,19.12,19.12,248180
2019-07-25 11:25:00,19.145,19.145,19.13,19.13,0
2019-07-25 11:20:00,19.145,19.1451,19.14,19.14,7487
2019-07-25 11:15:00,19.14,19.14,19.125,19.135,9784
2019-07-25 11:10:00,19.15,19.15,19.145,19.15,1350
2019-07-25 11:05:00,19.15,19.15,19.145,19.15,3919
2019-07-25 11:00:00,19.15,19.15,19.145,19.145,1949
2019-07-25 10:55:00,19.145,19.15,19.135,19.145,10740
2019-07-25 10:50:00,19.12,19.15,19.12,19.145,8278
2019-07-25 10:45:00,19.14,19.14,19.12,19.12,3829
2019-07-25 10:40:00,19.11,19.14,19.11,19.14,9940
2019-07-25 10:35:00,19.13,19.13,19.11,19.115,6464
2019-07-25 10:30:00,19.115,19.135,19.115,19.12,6854
2019-07-25 10:25:00,19.135,19.135,19.11,19.11,23162
2019-07-25 10:20:00,19.115,19.115,19.11,19.11,1030
2019-07-25 10:15:00,19.1,19.125,19.1,19.12,11030
2019-07-25 10:10:00,19.125,19.125,19.1,19.11,31858
2019-07-25 10:00:00,19.17,19.17,19.13,19.14,10908
2019-07-25 09:55:00,19.2,19.21,19.17,19.17,20241
2019-07-25 09:50:00,19.19,19.21,19.185,19.21,12413
2019-07-25 09:45:00,19.23,19.2327,19.19,19.19,20802
2019-07-25 09:40:00,19.245,19.25,19.23,19.2399,9752
2019-07-25 09:35:00,19.23,19.2601,19.21,19.23,17910
2019-07-24 16:00:00,19.24,19.24,19.22,19.225,40430
2019-07-24 15:55:00,19.24,19.24,19.23,19.235,17521
2019-07-24 15:50:00,19.235,19.24,19.23,19.235,16866
2019-07-24 15:45:00,19.235,19.24,19.23,19.24,11612
2019-07-24 15:40:00,19.235,19.24,19.23,19.235,2891
2019-07-24 15:35:00,19.23,19.24,19.23,19.235,18259
2019-07-24 15:30:00,19.22,19.24,19.215,19.235,9502
2019-07-24 15:25:00,19.24,19.24,19.215,19.215,62120
2019-07-24 15:20:00,19.235,19.24,19.23,19.24,3785
2019-07-24 15:15:00,19.235,19.25,19.23,19.24,78012
2019-07-24 15:10:00,19.2324,19.24,19.23,19.24,1972
2019-07-24 15:05:00,19.23,19.23,19.23,19.23,505
2019-07-24 15:00:00,19.235,19.24,19.23,19.2399,4705
2019-07-24 14:55:00,19.23,19.2351,19.23,19.235,3619
2019-07-24 14:50:00,19.23,19.24,19.23,19.23,2268
2019-07-24 14:45:00,19.23,19.2399,19.225,19.235,10441
2019-07-24 14:40:00,19.235,19.25,19.23,19.23,7897
2019-07-24 14:35:00,19.26,19.26,19.23,19.23,5595
2019-07-24 14:30:00,19.26,19.26,19.255,19.255,3853
2019-07-24 14:25:00,19.245,19.26,19.245,19.26,22162
2019-07-24 14:20:00,19.24,19.25,19.24,19.24,4358
2019-07-24 14:15:00,19.26,19.26,19.24,19.24,22458
2019-07-24 14:10:00,19.26,19.27,19.26,19.26,2120
2019-07-24 14:05:00,19.26,19.262,19.26,19.26,1072
2019-07-24 14:00:00,19.27,19.275,19.26,19.26,2412
2019-07-24 13:55:00,19.2701,19.275,19.26,19.275,6051
2019-07-24 13:50:00,19.26,19.28,19.255,19.275,7614
2019-07-24 13:45:00,19.25,19.2758,19.24,19.265,71639
2019-07-24 13:40:00,19.2357,19.25,19.235,19.245,6287
2019-07-24 13:35:00,19.235,19.24,19.23,19.24,5352
2019-07-24 13:30:00,19.235,19.24,19.23,19.235,6207
2019-07-24 13:25:00,19.2316,19.24,19.23,19.235,2043
2019-07-24 13:20:00,19.24,19.24,19.23,19.24,3073
2019-07-24 13:15:00,19.23,19.24,19.23,19.235,6443
2019-07-24 13:10:00,19.225,19.235,19.22,19.23,13284
2019-07-24 13:05:00,19.205,19.23,19.2,19.23,8720
2019-07-24 13:00:00,19.205,19.21,19.205,19.205,1705
2019-07-24 12:55:00,19.215,19.22,19.2,19.21,10113
2019-07-24 12:50:00,19.205,19.22,19.205,19.22,3094
2019-07-24 12:45:00,19.21,19.21,19.2,19.205,8644
2019-07-24 12:40:00,19.195,19.21,19.19,19.21,8351
2019-07-24 12:35:00,19.19,19.2,19.19,19.195,2528
2019-07-24 12:30:00,19.195,19.21,19.19,19.19,8661
2019-07-24 12:25:00,19.17,19.195,19.17,19.195,11462
2019-07-24 12:20:00,19.18,19.18,19.1746,19.1746,600
2019-07-24 12:15:00,19.175,19.1793,19.17,19.17,260362
2019-07-24 12:10:00,19.16,19.175,19.155,19.175,0
2019-07-24 12:05:00,19.155,19.16,19.155,19.155,6264
2019-07-24 12:00:00,19.155,19.165,19.155,19.155,4073
2019-07-24 11:55:00,19.16,19.16,19.156,19.156,650
2019-07-24 11:50:00,19.145,19.15,19.14,19.15,3676
2019-07-24 11:45:00,19.155,19.155,19.14,19.14,9742
2019-07-24 11:40:00,19.1269,19.17,19.125,19.15,15521
2019-07-24 11:35:00,19.08,19.12,19.08,19.12,25958
2019-07-24 11:30:00,19.09,19.095,19.08,19.08,19963
2019-07-24 11:25:00,19.12,19.12,19.09,19.0901,6783
2019-07-24 11:20:00,19.115,19.12,19.1101,19.1101,4668
2019-07-24 11:15:00,19.12,19.12,19.11,19.11,2338
2019-07-24 11:10:00,19.1,19.125,19.1,19.125,8850
2019-07-24 11:05:00,19.115,19.12,19.1,19.1062,3611
2019-07-24 11:00:00,19.12,19.12,19.105,19.115,9302
2019-07-24 10:55:00,19.14,19.14,19.12,19.125,7029
2019-07-24 10:50:00,19.1534,19.1534,19.14,19.14,7266
2019-07-24 10:45:00,19.16,19.16,19.15,19.15,8408
2019-07-24 10:40:00,19.17,19.17,19.16,19.16,2025
2019-07-24 10:35:00,19.17,19.18,19.1637,19.165,9475
2019-07-24 10:30:00,19.17,19.17,19.16,19.1601,3698
2019-07-24 10:25:00,19.17,19.175,19.17,19.17,1100
2019-07-24 10:20:00,19.175,19.18,19.16,19.1783,8928
2019-07-24 10:15:00,19.1701,19.18,19.17,19.18,9047
2019-07-24 10:10:00,19.185,19.19,19.18,19.18,989
2019-07-24 10:05:00,19.185,19.19,19.175,19.185,14295
2019-07-24 10:00:00,19.19,19.19,19.18,19.185,1014
2019-07-24 09:55:00,19.19,19.195,19.185,19.195,6658
2019-07-24 09:50:00,19.195,19.2,19.18,19.19,6605
2019-07-24 09:45:00,19.22,19.22,19.16,19.19,26248
2019-07-24 09:40:00,19.2011,19.235,19.2011,19.215,5749
2019-07-24 09:35:00,19.24,19.24,19.22,19.22,10525
2019-07-23 16:00:00,19.245,19.25,19.24,19.25,57264
2019-07-23 15:55:00,19.24,19.25,19.24,19.24,8676
2019-07-23 15:50:00,19.245,19.25,19.24,19.245,7011
2019-07-23 15:45:00,19.255,19.26,19.24,19.245,26882
2019-07-23 15:40:00,19.2565,19.26,19.255,19.26,6425
2019-07-23 15:35:00,19.25,19.26,19.25,19.255,11421
2019-07-23 15:30:00,19.26,19.26,19.255,19.26,4458
2019-07-23 15:25:00,19.25,19.265,19.25,19.255,19566
2019-07-23 15:20:00,19.255,19.26,19.25,19.26,2141
2019-07-23 15:15:00,19.26,19.26,19.25,19.26,2690
2019-07-23 15:10:00,19.255,19.26,19.25,19.26,2852
2019-07-23 15:05:00,19.26,19.26,19.2509,19.255,10865
2019-07-23 15:00:00,19.26,19.26,19.25,19.25,9613
2019-07-23 14:55:00,19.25,19.26,19.25,19.255,19330
2019-07-23 14:50:00,19.25,19.26,19.25,19.255,6171
2019-07-23 14:45:00,19.255,19.27,19.25,19.25,14888
2019-07-23 14:40:00,19.25,19.26,19.25,19.26,11630
2019-07-23 14:35:00,19.235,19.25,19.235,19.25,6612
2019-07-23 14:30:00,19.23,19.235,19.23,19.23,1701
2019-07-23 14:25:00,19.22,19.23,19.21,19.23,15041
2019-07-23 14:20:00,19.2301,19.235,19.22,19.22,19889
2019-07-23 14:15:00,19.24,19.25,19.23,19.23,9014
2019-07-23 14:10:00,19.2445,19.25,19.24,19.245,3120
2019-07-23 14:05:00,19.2401,19.245,19.24,19.245,1324
2019-07-23 14:00:00,19.23,19.25,19.23,19.24,7789
2019-07-23 13:55:00,19.23,19.2399,19.23,19.2399,3930
2019-07-23 13:50:00,19.24,19.24,19.225,19.23,4827
2019-07-23 13:45:00,19.225,19.25,19.22,19.24,12839
2019-07-23 13:40:00,19.22,19.23,19.21,19.22,5562
2019-07-23 13:35:00,19.22,19.2213,19.22,19.22,4238
2019-07-23 13:30:00,19.23,19.23,19.22,19.22,3303
2019-07-23 13:25:00,19.24,19.24,19.23,19.235,2214
2019-07-23 13:20:00,19.23,19.24,19.23,19.235,3819
2019-07-23 13:15:00,19.2207,19.23,19.22,19.2234,7501
2019-07-23 13:10:00,19.2203,19.23,19.22,19.225,986
2019-07-23 13:05:00,19.23,19.23,19.2262,19.2262,1730
2019-07-23 13:00:00,19.239,19.24,19.235,19.235,1169
2019-07-23 12:55:00,19.23,19.24,19.23,19.24,2260
2019-07-23 12:50:00,19.23,19.24,19.225,19.23,6703
2019-07-23 12:45:00,19.209,19.225,19.209,19.225,7402
2019-07-23 12:40:00,19.21,19.21,19.21,19.21,728
2019-07-23 12:35:00,19.21,19.215,19.205,19.21,4156
2019-07-23 12:30:00,19.225,19.23,19.215,19.215,2734
2019-07-23 12:25:00,19.2265,19.2299,19.2216,19.2299,2714
2019-07-23 12:20:00,19.23,19.23,19.2201,19.23,683
2019-07-23 12:15:00,19.21,19.225,19.21,19.225,6396
2019-07-23 12:10:00,19.21,19.215,19.2,19.205,9940
2019-07-23 12:05:00,19.22,19.22,19.21,19.215,4056
2019-07-23 12:00:00,19.225,19.23,19.22,19.225,4182
2019-07-23 11:55:00,19.23,19.23,19.2222,19.225,4336
2019-07-23 11:50:00,19.2299,19.2299,19.22,19.2265,1536
2019-07-23 11:45:00,19.23,19.23,19.22,19.225,2174
2019-07-23 11:40:00,19.23,19.23,19.2261,19.2261,575
2019-07-23 11:35:00,19.23,19.23,19.2249,19.225,10923
2019-07-23 11:30:00,19.239,19.239,19.22,19.23,5231
2019-07-23 11:25:00,19.235,19.245,19.23,19.2335,12817
2019-07-23 11:20:00,19.2249,19.24,19.2201,19.24,9337
2019-07-23 11:15:00,19.2201,19.225,19.2201,19.225,567
2019-07-23 11:10:00,19.2199,19.23,19.2199,19.229,208992
2019-07-23 11:05:00,19.22,19.23,19.21,19.215,0
2019-07-23 11:00:00,19.24,19.245,19.22,19.225,6790
2019-07-23 10:55:00,19.235,19.26,19.235,19.2472,12741
2019-07-23 10:50:00,19.25,19.25,19.23,19.235,8101
2019-07-23 10:45:00,19.25,19.25,19.24,19.245,1256
2019-07-23 10:40:00,19.26,19.27,19.24,19.245,6694
2019-07-23 10:35:00,19.25,19.27,19.245,19.265,11569
2019-07-23 10:30:00,19.25,19.25,19.245,19.25,1930
2019-07-23 10:25:00,19.25,19.25,19.23,19.24,17708
2019-07-23 10:20:00,19.25,19.255,19.24,19.25,16777
2019-07-23 10:15:00,19.2218,19.25,19.2218,19.25,5033
2019-07-23 10:10:00,19.235,19.24,19.22,19.23,8041
2019-07-23 10:05:00,19.225,19.2399,19.21,19.235,14659
2019-07-23 10:00:00,19.21,19.24,19.21,19.225,7415
2019-07-23 09:55:00,19.2378,19.25,19.21,19.215,13007
2019-07-23 09:50:00,19.2299,19.245,19.2299,19.24,11656
2019-07-23 09:45:00,19.195,19.235,19.19,19.225,8136
2019-07-23 09:40:00,19.17,19.2,19.15,19.19,29934
2019-07-23 09:35:00,19.22,19.22,19.16,19.18,20545
2019-07-22 16:00:00,19.2,19.25,19.19,19.23,138506
2019-07-22 15:55:00,19.195,19.2,19.185,19.195,29414
2019-07-22 15:50:00,19.195,19.2,19.18,19.195,20244
2019-07-22 15:45:00,19.195,19.21,19.19,19.195,70986
2019-07-22 15:40:00,19.2,19.205,19.185,19.195,20170
2019-07-22 15:35:00,19.22,19.22,19.19,19.2,8030
2019-07-22 15:30:00,19.2,19.23,19.195,19.2145,22700
2019-07-22 15:25:00,19.2,19.205,19.195,19.2,9078
2019-07-22 15:20:00,19.21,19.21,19.2,19.2,12133
2019-07-22 15:15:00,19.22,19.22,19.205,19.21,9327
2019-07-22 15:10:00,19.24,19.24,19.215,19.217,14109
2019-07-22 15:05:00,19.22,19.24,19.22,19.235,13347
2019-07-22 15:00:00,19.2199,19.225,19.2131,19.22,5608
2019-07-22 14:55:00,19.215,19.22,19.215,19.22,1780
2019-07-22 14:50:00,19.2244,19.225,19.22,19.22,6064
2019-07-22 14:45:00,19.225,19.2299,19.21,19.2299,16831
2019-07-22 14:40:00,19.225,19.23,19.22,19.225,2280
2019-07-22 14:35:00,19.23,19.23,19.225,19.23,2076
2019-07-22 14:30:00,19.23,19.23,19.2201,19.23,1469
2019-07-22 14:25:00,19.225,19.23,19.2237,19.23,3997
2019-07-22 14:20:00,19.24,19.24,19.22,19.225,4546
2019-07-22 14:15:00,19.22,19.24,19.215,19.23,12692
2019-07-22 14:10:00,19.22,19.22,19.21,19.21,5245
2019-07-22 14:05:00,19.22,19.22,19.21,19.22,3924
2019-07-22 14:00:00,19.2168,19.22,19.21,19.215,2143
2019-07-22 13:55:00,19.22,19.22,19.21,19.21,2613
2019-07-22 13:50:00,19.21,19.22,19.21,19.22,2728
2019-07-22 13:45:00,19.22,19.22,19.21,19.215,1853
2019-07-22 13:40:00,19.22,19.22,19.2149,19.2149,2137
2019-07-22 13:35:00,19.2049,19.22,19.2,19.2185,5032
2019-07-22 13:30:00,19.215,19.2165,19.2,19.205,4771
2019-07-22 13:25:00,19.215,19.2151,19.21,19.215,1178
2019-07-22 13:20:00,19.21,19.216,19.21,19.215,1651
2019-07-22 13:15:00,19.22,19.22,19.21,19.21,3937
2019-07-22 13:10:00,19.22,19.22,19.2101,19.22,2072
2019-07-22 13:05:00,19.215,19.2163,19.205,19.2163,2938
2019-07-22 13:00:00,19.22,19.24,19.2101,19.2101,13497
2019-07-22 12:55:00,19.215,19.22,19.21,19.21,2700
2019-07-22 12:50:00,19.215,19.215,19.21,19.215,1453
2019-07-22 12:45:00,19.21,19.22,19.21,19.22,4067
2019-07-22 12:40:00,19.2,19.22,19.2,19.22,4248
2019-07-22 12:35:00,19.195,19.2,19.195,19.195,1314
2019-07-22 12:30:00,19.21,19.215,19.2,19.2,8891
2019-07-22 12:25:00,19.21,19.215,19.2088,19.215,3581
2019-07-22 12:20:00,19.195,19.21,19.19,19.21,7912
2019-07-22 12:15:00,19.19,19.2,19.19,19.195,6123
2019-07-22 12:10:00,19.19,19.2,19.19,19.1953,11210
2019-07-22 12:05:00,19.195,19.195,19.19,19.19,3048
2019-07-22 12:00:00,19.195,19.2,19.19,19.2,1403
2019-07-22 11:55:00,19.21,19.21,19.19,19.2,4008
2019-07-22 11:50:00,19.205,19.21,19.2,19.205,3768
2019-07-22 11:45:00,19.205,19.2065,19.2,19.2,12660
2019-07-22 11:40:00,19.18,19.21,19.18,19.205,16579
2019-07-22 11:35:00,19.175,19.1866,19.175,19.185,2029
2019-07-22 11:30:00,19.17,19.19,19.17,19.175,6100
2019-07-22 11:25:00,19.18,19.185,19.17,19.17,6986
2019-07-22 11:20:00,19.19,19.19,19.185,19.19,3141
2019-07-22 11:15:00,19.175,19.185,19.17,19.18,9536
2019-07-22 11:10:00,19.18,19.1861,19.175,19.175,4657
2019-07-22 11:05:00,19.175,19.18,19.1575,19.18,10114
2019-07-22 11:00:00,19.17,19.18,19.17,19.18,6374
2019-07-22 10:55:00,19.17,19.185,19.17,19.17,4568
2019-07-22 10:50:00,19.1579,19.17,19.1579,19.17,4922
2019-07-22 10:45:00,19.16,19.17,19.155,19.16,9549
2019-07-22 10:40:00,19.1648,19.17,19.15,19.16,3867
2019-07-22 10:35:00,19.165,19.175,19.165,19.165,4878
2019-07-22 10:30:00,19.17,19.17,19.16,19.1678,2840
2019-07-22 10:25:00,19.17,19.1752,19.155,19.17,3115
2019-07-22 10:20:00,19.16,19.17,19.16,19.17,3430
2019-07-22 10:15:00,19.17,19.17,19.155,19.1599,10714
2019-07-22 10:10:00,19.14,19.17,19.1306,19.17,10769
2019-07-22 10:05:00,19.15,19.15,19.13,19.14,7530
2019-07-22 10:00:00,19.18,19.185,19.15,19.16,8238
2019-07-22 09:55:00,19.165,19.18,19.155,19.18,9911
2019-07-22 09:50:00,19.14,19.17,19.135,19.16,5567
2019-07-22 09:45:00,19.1499,19.1499,19.135,19.14,8614
2019-07-22 09:40:00,19.11,19.15,19.105,19.15,5315
2019-07-22 09:35:00,19.12,19.15,19.11,19.11,19922
2019-07-19 16:00:00,19.16,19.16,19.12,19.12,115707
2019-07-19 15:55:00,19.16,19.17,19.16,19.16,12086
2019-07-19 15:50:00,19.2,19.205,19.16,19.16,14710
2019-07-19 15:45:00,19.19,19.21,19.17,19.205,33195
2019-07-19 15:40:00,19.2,19.2,19.18,19.18,16402
2019-07-19 15:35:00,19.1833,19.2,19.175,19.195,26944
2019-07-19 15:30:00,19.185,19.19,19.18,19.18,9634
2019-07-19 15:25:00,19.1899,19.19,19.18,19.19,7077
2019-07-19 15:20:00,19.19,19.2,19.18,19.185,7839
2019-07-19 15:15:00,19.19,19.2,19.19,19.195,9752
2019-07-19 15:10:00,19.19,19.2,19.19,19.19,5250
2019-07-19 15:05:00,19.195,19.2,19.19,19.19,1837
2019-07-19 15:00:00,19.18,19.195,19.18,19.195,5025
2019-07-19 14:55:00,19.19,19.2,19.18,19.185,3488
2019-07-19 14:50:00,19.195,19.195,19.18,19.185,5271
2019-07-19 14:45:00,19.195,19.195,19.185,19.19,7816
2019-07-19 14:40:00,19.21,19.215,19.19,19.195,4351
2019-07-19 14:35:00,19.215,19.215,19.21,19.215,4787
2019-07-19 14:30:00,19.22,19.22,19.21,19.215,7085
2019-07-19 14:25:00,19.225,19.2252,19.22,19.22,1958
2019-07-19 14:20:00,19.22,19.225,19.215,19.22,4302
2019-07-19 14:15:00,19.21,19.235,19.2,19.22,23181
2019-07-19 14:10:00,19.24,19.245,19.2133,19.215,22693
2019-07-19 14:05:00,19.2499,19.25,19.24,19.245,9209
2019-07-19 14:00:00,19.24,19.25,19.235,19.24,4355
2019-07-19 13:55:00,19.235,19.25,19.23,19.24,12392
2019-07-19 13:50:00,19.235,19.24,19.23,19.235,1975
2019-07-19 13:45:00,19.23,19.24,19.23,19.24,3600
2019-07-19 13:40:00,19.23,19.24,19.23,19.24,2714
2019-07-19 13:35:00,19.22,19.235,19.22,19.235,6674
2019-07-19 13:30:00,19.2321,19.235,19.22,19.22,6879
2019-07-19 13:25:00,19.235,19.235,19.225,19.23,2685
2019-07-19 13:20:00,19.23,19.25,19.2212,19.235,8822
2019-07-19 13:15:00,19.22,19.225,19.21,19.225,5221
2019-07-19 13:10:00,19.23,19.23,19.22,19.22,1652
2019-07-19 13:05:00,19.23,19.23,19.2201,19.2235,1393
2019-07-19 13:00:00,19.22,19.23,19.22,19.23,868
2019-07-19 12:55:00,19.215,19.23,19.215,19.225,5169
2019-07-19 12:50:00,19.21,19.215,19.21,19.21,809
2019-07-19 12:45:00,19.22,19.225,19.21,19.215,4730
2019-07-19 12:40:00,19.215,19.2265,19.2149,19.225,3571
2019-07-19 12:35:00,19.225,19.226,19.21,19.22,4907
2019-07-19 12:30:00,19.1901,19.2221,19.1901,19.2221,7381
2019-07-19 12:25:00,19.19,19.19,19.19,19.19,248
2019-07-19 12:20:00,19.2,19.2,19.19,19.1999,2805
2019-07-19 12:15:00,19.21,19.22,19.2,19.2,9486
2019-07-19 12:10:00,19.1899,19.21,19.185,19.21,9718
2019-07-19 12:05:00,19.17,19.19,19.165,19.1857,24590
2019-07-19 12:00:00,19.1601,19.165,19.16,19.165,849
2019-07-19 11:55:00,19.155,19.17,19.15,19.1633,9497
2019-07-19 11:50:00,19.16,19.16,19.15,19.1541,8674
2019-07-19 11:45:00,19.1649,19.1649,19.155,19.155,2260
2019-07-19 11:40:00,19.1571,19.165,19.1571,19.16,2425
2019-07-19 11:35:00,19.155,19.165,19.155,19.16,5906
2019-07-19 11:30:00,19.1669,19.1669,19.155,19.155,1954
2019-07-19 11:25:00,19.165,19.17,19.16,19.16,3609
2019-07-19 11:20:00,19.18,19.18,19.165,19.165,2571
2019-07-19 11:15:00,19.18,19.1812,19.17,19.17,2459
2019-07-19 11:10:00,19.17,19.18,19.16,19.18,7662
2019-07-19 11:05:00,19.165,19.1651,19.16,19.16,2982
2019-07-19 11:00:00,19.16,19.1699,19.16,19.16,2553
2019-07-19 10:55:00,19.17,19.1701,19.16,19.16,2770
2019-07-19 10:50:00,19.18,19.1899,19.17,19.17,5636
2019-07-19 10:45:00,19.185,19.19,19.175,19.18,12935
2019-07-19 10:40:00,19.19,19.19,19.19,19.19,1188
2019-07-19 10:35:00,19.19,19.19,19.1766,19.19,7445
2019-07-19 10:30:00,19.2,19.205,19.18,19.1875,7482
2019-07-19 10:25:00,19.2,19.2001,19.195,19.2,2334
2019-07-19 10:20:00,19.195,19.205,19.19,19.205,3204
2019-07-19 10:15:00,19.19,19.1966,19.1845,19.1966,4935
2019-07-19 10:10:00,19.205,19.205,19.185,19.1938,16493
2019-07-19 10:05:00,19.194,19.21,19.19,19.2,5868
2019-07-19 10:00:00,19.19,19.21,19.19,19.2,4789
2019-07-19 09:55:00,19.19,19.2,19.185,19.19,6405
2019-07-19 09:50:00,19.1916,19.2,19.19,19.196,4619
2019-07-19 09:45:00,19.19,19.1901,19.18,19.18,3475
2019-07-19 09:40:00,19.17,19.186,19.15,19.186,8834
2019-07-19 09:35:00,19.18,19.19,19.16,19.1601,22606
2019-07-18 16:00:00,19.15,19.16,19.14,19.15,22342
2019-07-18 15:55:00,19.14,19.16,19.14,19.15,20204
2019-07-18 15:50:00,19.15,19.15,19.14,19.1451,10977
2019-07-18 15:45:00,19.155,19.16,19.14,19.15,18155
2019-07-18 15:40:00,19.15,19.16,19.14,19.16,12946
2019-07-18 15:35:00,19.15,19.17,19.145,19.15,14123
2019-07-18 15:30:00,19.12,19.15,19.12,19.15,12723
2019-07-18 15:25:00,19.13,19.13,19.12,19.12,6262
2019-07-18 15:20:00,19.13,19.1339,19.125,19.13,4414
2019-07-18 15:15:00,19.13,19.13,19.1,19.13,22647
2019-07-18 15:10:00,19.135,19.14,19.13,19.135,10026
2019-07-18 15:05:00,19.105,19.15,19.105,19.14,18633
2019-07-18 15:00:00,19.12,19.125,19.1,19.11,22613
2019-07-18 14:55:00,19.14,19.14,19.12,19.12,19315
2019-07-18 14:50:00,19.14,19.15,19.14,19.14,3439
2019-07-18 14:45:00,19.14,19.15,19.14,19.145,2222
2019-07-18 14:40:00,19.15,19.15,19.14,19.14,2527
2019-07-18 14:35:00,19.135,19.15,19.125,19.15,10036
2019-07-18 14:30:00,19.13,19.14,19.13,19.14,5124
2019-07-18 14:25:00,19.13,19.14,19.12,19.13,4618
2019-07-18 14:20:00,19.1119,19.125,19.11,19.12,5385
2019-07-18 14:15:00,19.13,19.135,19.11,19.11,5026
2019-07-18 14:10:00,19.115,19.14,19.115,19.13,4122
2019-07-18 14:05:00,19.115,19.12,19.11,19.12,3093
2019-07-18 14:00:00,19.11,19.12,19.105,19.11,8669
2019-07-18 13:55:00,19.11,19.115,19.1,19.105,9035
2019-07-18 13:50:00,19.11,19.12,19.095,19.11,11037
2019-07-18 13:45:00,19.11,19.11,19.1,19.11,3320
2019-07-18 13:40:00,19.11,19.12,19.1044,19.11,7050
2019-07-18 13:35:00,19.115,19.12,19.1,19.11,4433
2019-07-18 13:30:00,19.12,19.12,19.11,19.115,4351
2019-07-18 13:25:00,19.13,19.135,19.12,19.12,6071
2019-07-18 13:20:00,19.13,19.14,19.125,19.135,10802
2019-07-18 13:15:00,19.13,19.13,19.115,19.125,14849
2019-07-18 13:10:00,19.12,19.125,19.12,19.125,2525
2019-07-18 13:05:00,19.12,19.13,19.115,19.125,5193
2019-07-18 13:00:00,19.115,19.12,19.11,19.115,1325
2019-07-18 12:55:00,19.13,19.135,19.11,19.12,19396
2019-07-18 12:50:00,19.12,19.13,19.11,19.13,13897
2019-07-18 12:45:00,19.12,19.1265,19.11,19.12,5055
2019-07-18 12:40:00,19.13,19.1356,19.12,19.12,3173
2019-07-18 12:35:00,19.11,19.13,19.11,19.13,6576
2019-07-18 12:30:00,19.115,19.12,19.11,19.1106,3467
2019-07-18 12:25:00,19.11,19.115,19.11,19.115,2795
2019-07-18 12:20:00,19.12,19.1299,19.11,19.11,4863
2019-07-18 12:15:00,19.12,19.13,19.12,19.12,2409
2019-07-18 12:10:00,19.11,19.12,19.1,19.115,5981
2019-07-18 12:05:00,19.115,19.115,19.1,19.11,9383
2019-07-18 12:00:00,19.12,19.12,19.11,19.12,722
2019-07-18 11:55:00,19.105,19.12,19.1,19.115,2931
2019-07-18 11:50:00,19.1069,19.11,19.09,19.1,6116
2019-07-18 11:45:00,19.105,19.105,19.1,19.105,3991
2019-07-18 11:40:00,19.1,19.1044,19.09,19.1,4116
2019-07-18 11:35:00,19.1,19.105,19.095,19.1,10208
2019-07-18 11:30:00,19.1156,19.1156,19.1,19.1,1955
2019-07-18 11:25:00,19.11,19.1122,19.1,19.105,2297
2019-07-18 11:20:00,19.09,19.11,19.09,19.11,3310
2019-07-18 11:15:00,19.09,19.0913,19.08,19.09,2558
2019-07-18 11:10:00,19.085,19.1,19.085,19.09,6985
2019-07-18 11:05:00,19.1,19.1,19.08,19.0855,3416
2019-07-18 11:00:00,19.095,19.105,19.09,19.1,5439
2019-07-18 10:55:00,19.09,19.1,19.08,19.095,5358
2019-07-18 10:50:00,19.1,19.1,19.09,19.095,16388
2019-07-18 10:45:00,19.1,19.1,19.09,19.09,335
2019-07-18 10:40:00,19.1,19.1,19.09,19.09,1560
2019-07-18 10:35:00,19.1,19.11,19.1,19.1,5535
2019-07-18 10:30:00,19.07,19.09,19.06,19.09,8455
2019-07-18 10:25:00,19.08,19.08,19.07,19.07,7456
2019-07-18 10:20:00,19.1,19.1,19.08,19.08,6289
2019-07-18 10:15:00,19.09,19.1156,19.08,19.1059,3447
2019-07-18 10:10:00,19.075,19.1,19.075,19.09,10044
2019-07-18 10:05:00,19.07,19.08,19.055,19.07,14955
2019-07-18 10:00:00,19.05,19.065,19.05,19.06,6193
2019-07-18 09:55:00,19.05,19.07,19.05,19.07,12549
2019-07-18 09:50:00,19.08,19.085,19.04,19.05,34725
2019-07-18 09:45:00,19.085,19.0867,19.05,19.0775,33353
2019-07-18 09:40:00,19.1,19.1073,19.08,19.08,10293
2019-07-18 09:35:00,19.12,19.15,19.1,19.1,16474
2019-07-17 16:00:00,19.17,19.185,19.17,19.17,25607
2019-07-17 15:55:00,19.18,19.185,19.16,19.17,22201
2019-07-17 15:50:00,19.185,19.195,19.18,19.18,12755
2019-07-17 15:45:00,19.17,19.2,19.17,19.185,18888
2019-07-17 15:40:00,19.19,19.2,19.17,19.175,34489
2019-07-17 15:35:00,19.15,19.19,19.145,19.19,18422
2019-07-17 15:30:00,19.145,19.15,19.14,19.145,1841
2019-07-17 15:25:00,19.145,19.15,19.13,19.14,19884
2019-07-17 15:20:00,19.15,19.15,19.1401,19.15,2382
2019-07-17 15:15:00,19.15,19.15,19.145,19.148,1721
2019-07-17 15:10:00,19.14,19.15,19.13,19.145,6226
2019-07-17 15:05:00,19.14,19.14,19.13,19.135,5784
2019-07-17 15:00:00,19.14,19.14,19.13,19.14,2040
2019-07-17 14:55:00,19.1465,19.1465,19.13,19.13,3338
2019-07-17 14:50:00,19.12,19.145,19.12,19.145,7129
2019-07-17 14:45:00,19.16,19.16,19.12,19.12,18845
2019-07-17 14:40:00,19.145,19.16,19.14,19.1544,4031
2019-07-17 14:35:00,19.14,19.145,19.14,19.145,916
2019-07-17 14:30:00,19.1547,19.16,19.14,19.145,6052
2019-07-17 14:25:00,19.155,19.16,19.15,19.15,3541
2019-07-17 14:20:00,19.145,19.155,19.145,19.155,2200
2019-07-17 14:15:00,19.145,19.145,19.14,19.145,2581
2019-07-17 14:10:00,19.145,19.15,19.14,19.14,3446
2019-07-17 14:05:00,19.15,19.155,19.14,19.14,5536
2019-07-17 14:00:00,19.145,19.155,19.14,19.15,4982
2019-07-17 13:55:00,19.16,19.16,19.14,19.14,6264
2019-07-17 13:50:00,19.165,19.17,19.16,19.165,4343
2019-07-17 13:45:00,19.175,19.175,19.16,19.17,9103
2019-07-17 13:40:00,19.175,19.18,19.17,19.18,4440
2019-07-17 13:35:00,19.15,19.175,19.1476,19.175,5785
2019-07-17 13:30:00,19.135,19.15,19.13,19.15,5445
2019-07-17 13:25:00,19.13,19.14,19.13,19.1399,1961
2019-07-17 13:20:00,19.1478,19.15,19.13,19.135,14889
2019-07-17 13:15:00,19.146,19.15,19.145,19.145,1103
2019-07-17 13:10:00,19.135,19.15,19.135,19.15,3669
2019-07-17 13:05:00,19.145,19.15,19.13,19.13,8468
2019-07-17 13:00:00,19.145,19.15,19.14,19.14,3854
2019-07-17 12:55:00,19.14,19.15,19.14,19.145,4197
2019-07-17 12:50:00,19.145,19.145,19.14,19.145,846
2019-07-17 12:45:00,19.15,19.15,19.14,19.14,6483
2019-07-17 12:40:00,19.155,19.155,19.15,19.155,2440
2019-07-17 12:35:00,19.145,19.15,19.14,19.15,3567
2019-07-17 12:30:00,19.145,19.1477,19.145,19.1477,200
2019-07-17 12:25:00,19.155,19.155,19.14,19.15,297179
2019-07-17 12:20:00,19.15,19.155,19.15,19.155,0
2019-07-17 12:15:00,19.135,19.135,19.13,19.13,4969
2019-07-17 12:10:00,19.16,19.16,19.125,19.125,17537
2019-07-17 12:05:00,19.19,19.19,19.18,19.18,2921
2019-07-17 12:00:00,19.19,19.2,19.18,19.18,10569
2019-07-17 11:55:00,19.1789,19.2,19.175,19.19,9854
2019-07-17 11:50:00,19.18,19.18,19.18,19.18,462
2019-07-17 11:45:00,19.17,19.185,19.17,19.17,5239
2019-07-17 11:40:00,19.18,19.18,19.16,19.17,4495
2019-07-17 11:35:00,19.185,19.19,19.18,19.18,4600
2019-07-17 11:30:00,19.185,19.19,19.18,19.19,4403
2019-07-17 11:25:00,19.19,19.195,19.18,19.185,5442
2019-07-17 11:20:00,19.18,19.2,19.18,19.1901,3863
2019-07-17 11:15:00,19.1582,19.18,19.1582,19.18,8845
2019-07-17 11:10:00,19.18,19.18,19.1548,19.16,5022
2019-07-17 11:05:00,19.16,19.21,19.16,19.18,18234
2019-07-17 11:00:00,19.1076,19.155,19.1063,19.155,12441
2019-07-17 10:55:00,19.105,19.11,19.1,19.105,894
2019-07-17 10:50:00,19.105,19.11,19.1,19.105,4361
2019-07-17 10:45:00,19.13,19.13,19.1,19.1,11033
2019-07-17 10:40:00,19.13,19.14,19.13,19.13,2601
2019-07-17 10:35:00,19.135,19.155,19.13,19.135,14189
2019-07-17 10:30:00,19.14,19.15,19.13,19.13,10995
2019-07-17 10:25:00,19.153,19.155,19.1437,19.145,3091
2019-07-17 10:20:00,19.1632,19.17,19.15,19.1599,9787
2019-07-17 10:15:00,19.15,19.17,19.145,19.165,6583
2019-07-17 10:10:00,19.16,19.17,19.15,19.15,5752
2019-07-17 10:05:00,19.17,19.18,19.15,19.15,12718
2019-07-17 10:00:00,19.16,19.19,19.16,19.17,7745
2019-07-17 09:55:00,19.1699,19.17,19.15,19.16,7506
2019-07-17 09:50:00,19.18,19.18,19.15,19.16,11456
2019-07-17 09:45:00,19.17,19.185,19.16,19.17,15052
2019-07-17 09:40:00,19.15,19.175,19.14,19.175,6395
2019-07-17 09:35:00,19.16,19.19,19.11,19.15,0
